fold	Count	r2_PRS	r2_full	AUC	BETA_SNP	BETA_SV
0	11895.051428571427	0.0391595	0.131735	0.5853158326497129	47.50211668290356	57.517599607046726
1	11908.708571428571	0.0954723	0.184702	0.6685808039376538	365.3550215872662	76.79026313326567
10	11898.868571428571	0.171942	0.295825	0.7016680339075745	432.659100571804	125.87230759814993
11	11982.960000000001	0.102617	0.204422	0.6730926989335521	504.6374629613667	49.36208180564994
12	11945.045977011494	0.0700918	0.259214	0.6008281573498965	291.5964222010574	69.17275209086351
13	11952.843930635838	0.165302	0.267741	0.7099439775910364	573.4843615778377	106.38788419800834
14	11967.222857142857	0.105277	0.215712	0.6652994257588187	371.5713875481856	93.60372121147759
15	11984.845714285713	0.0426261	0.116397	0.5976210008203445	302.9997979127573	25.243638690528645
16	11914.919540229885	0.0867035	0.156102	0.6387853692201518	409.76308540446104	61.96282778067545
17	12006.85549132948	0.0791688	0.288134	0.6189075630252101	308.3427803771361	74.63767721969509
18	11837.216374269006	0.168873	0.249282	0.7389494833524685	503.03423001499425	120.56419664271543
19	11925.017341040462	0.064904	0.171715	0.6404761904761904	335.4545654005156	44.4343328436449
2	11905.13294797688	0.072211	0.250123	0.6414565826330533	423.43955101627387	69.06335673477545
20	11972.843930635838	0.119892	0.168241	0.6610813855252041	414.2420656037062	91.9324188347818
21	12079.108571428571	0.157324	0.274723	0.6915504511894995	401.6749863667851	131.22227081418933
22	11918.977011494253	0.103018	0.227611	0.6444444444444445	333.95442255894363	93.98299268219772
23	11962.666666666666	0.0606042	0.286166	0.6587991718426501	351.6114160649317	29.60673459916122
24	12075.03448275862	0.0712916	0.156074	0.6646781354051055	240.32187895107418	82.83097330907955
25	11934.891428571429	0.058743	0.108248	0.6025430680885973	344.7044116745389	28.783908451789152
26	11797.325714285713	0.184231	0.299287	0.7149302707136997	632.0516273913638	72.81928800536868
27	11932.774566473989	0.0882065	0.20427	0.6305741360089187	131.3989723856402	91.53356727456372
28	11894.976744186046	0.149786	0.292773	0.6819852941176471	696.7545350859015	25.160269458595735
29	11871.35260115607	0.155669	0.220871	0.6980392156862745	298.1979236633343	121.81186523620202
3	11977.07514450867	0.1236	0.194424	0.6659698996655519	352.4475011620526	95.53426713522478
30	11762.868571428571	0.108037	0.168204	0.6669401148482362	441.489417475437	63.642441411131806
31	12039.017142857143	0.0688184	0.13448	0.6356302980585179	224.98212657272882	67.35541968257908
32	11790.811428571427	0.0980988	0.173943	0.6688542521192234	431.8354395058223	60.81799049589352
33	11928.868571428571	0.0564097	0.197115	0.5695925622094613	328.3243226790656	37.740699356974325
34	11882.919540229885	0.0637474	0.271973	0.6356107660455487	394.8500010398609	37.43538712547945
35	11907.12643678161	0.0806035	0.172322	0.613664596273292	302.6035752929848	73.98422209774412
36	11937.229885057472	0.0869873	0.233038	0.6452552719200888	448.16422448787165	48.49024508734066
37	12016.763005780347	0.0934685	0.290415	0.6670868347338935	229.4123292957516	106.20629597159855
38	12034.842105263158	0.0716276	0.170655	0.6291618828932262	389.7511255293311	67.31150213383997
39	12001.081395348838	0.117269	0.21096	0.6563914027149321	495.8912767886094	56.07001743641264
4	11898.868571428571	0.0797286	0.187506	0.6431501230516817	263.85588390856725	95.4126695153525
40	11884.954022988506	0.0657413	0.246266	0.6314699792960663	334.93225350471	63.36343332992283
41	11844.67816091954	0.10368	0.196459	0.64830743618202	243.98573140700628	92.44627017866887
42	12010.788571428571	0.166883	0.259859	0.7052228602679792	427.0364289475671	125.62653592346092
43	11791.074285714285	0.0605612	0.130726	0.6204539239814055	273.00525148126235	70.90491971348101
44	12059.119999999999	0.0450273	0.259428	0.6148482362592289	254.06867801437699	45.49232708365376
45	11888.816091954022	0.0512583	0.184166	0.6337402885682575	327.742209888981	37.74994817884593
46	11904.99421965318	0.0644962	0.16096	0.623249299719888	238.38770114838027	78.58386413542823
47	11948.942528735632	0.0492228	0.121218	0.6070393374741201	280.4272452900376	44.7556471631328
48	11937.03488372093	0.133792	0.371143	0.6555429864253394	391.48214593153875	116.98761941837188
49	12009.232558139534	0.125933	0.233378	0.6869343891402715	485.52551971156083	88.44613424707823
5	11765.283236994219	0.114632	0.20625	0.6710084033613446	478.82135246029856	62.23162347794426
50	11933.154285714287	0.0773347	0.205908	0.6205906480721903	215.94007039385377	98.92209544098817
51	11964.971428571429	0.1199	0.226602	0.6776045939294504	405.1143846600979	91.06748536921685
52	11996.931034482759	0.0549248	0.111961	0.6096618357487923	369.227674920994	17.193455380493404
53	11983.172413793103	0.078936	0.136045	0.6604554865424431	252.63670124419508	69.91084434374898
54	11997.206896551723	0.106622	0.237669	0.6553829078801332	333.992260117403	91.25266469145244
55	11892.965517241379	0.177326	0.356535	0.6927025527192009	564.1322400361789	123.33391398598155
56	11904.857142857143	0.154701	0.224745	0.6774678698386656	511.7267389785416	104.0502501608631
57	11885.151162790697	0.113335	0.245313	0.6880540312368087	505.24110428353	51.25075706133408
58	11791	0.0714098	0.218229	0.6176261549395877	369.892409795301	54.72828212625794
59	11982.728323699423	0.104344	0.303915	0.6495798319327731	553.6940426479729	22.83098800233538
6	11903.314285714285	0.151202	0.258337	0.6907301066447908	536.757452220963	86.67416472306883
60	11925.245714285715	0.131763	0.338377	0.7142466502597759	556.6138535287267	62.7724578296648
61	11988.765714285713	0.107297	0.207137	0.6588733934919333	276.195630137252	93.17560302871473
62	12081.119999999999	0.0882648	0.276918	0.6611977030352748	368.207192052315	74.10200720918618
63	11915.108571428571	0.113691	0.205281	0.6443806398687448	529.59853699085	43.18533242875112
64	11979.167630057804	0.115656	0.209387	0.657563025210084	280.12467230264815	106.71850617480061
65	12180.712643678162	0.103744	0.232253	0.6379572118702553	457.18897242536593	71.61769062921937
66	11688.834285714287	0.125287	0.228403	0.6666666666666666	437.13807231944645	75.08579458902305
67	11983.098265895955	0.0565931	0.101711	0.620958751393534	212.38551803999582	74.82847751518766
68	11990.807017543859	0.0753486	0.137814	0.6138059701492538	327.4920513942082	73.74881348589247
69	12039.023255813952	0.104687	0.291685	0.6635394456289979	138.4120429458608	121.07468135871481
7	12000.890173410404	0.0746505	0.18382	0.6210084033613446	22.69876729068523	99.05379787691454
70	11954.994285714287	0.0382756	0.184638	0.5905113480995351	59.81467833492987	67.8185165931244
71	11850.728323699423	0.0921993	0.267099	0.6322128851540616	323.6775209345778	90.61271650038644
72	11864.816091954022	0.164597	0.264883	0.6849334073251943	527.1267466305763	100.24348213480867
73	11813.005714285713	0.1791	0.334541	0.6944216570959804	650.4626618250784	55.05281384929096
74	11964.994285714287	0.104031	0.195261	0.6622914957615532	252.01227202706136	101.2648907992132
75	11933.310344827585	0.102782	0.130794	0.6473429951690821	255.68902698992227	97.70853593610785
76	11885.017142857143	0.103948	0.240347	0.6681706316652994	360.081524634671	90.19371087703163
77	11976.908045977012	0.0755644	0.207965	0.6507936507936508	414.7833903734244	49.668699259390756
78	11912.994152046784	0.16571	0.344315	0.7102468427095293	655.6951188178763	100.11968251382173
79	11853.162790697674	0.109191	0.173086	0.6520079185520362	519.2390933375179	40.62824384556076
8	12054.913294797689	0.0424177	0.303536	0.6009803921568627	204.76486383518414	64.27213429195083
80	11819.062857142857	0.148652	0.201722	0.6834837298331966	359.1914684367139	114.4130292123895
81	12025.260115606936	0.111512	0.244073	0.6408963585434173	464.19522844262053	76.76212788985744
82	11774.8	0.103586	0.172213	0.672409078479628	230.38897081307263	100.34367122110686
83	11924.747126436781	0.0917232	0.19401	0.6282953761214631	325.72886809433356	94.88851955980353
84	11872.86705202312	0.113844	0.192056	0.6721288515406163	318.2978002370391	87.31898524137848
85	12071.28	0.0450046	0.240907	0.6073284112660651	199.65772623922766	72.43279501017874
86	11958.942528735632	0.106333	0.212746	0.6779966703662598	230.2524857927603	104.55681647596681
87	11752.758620689656	0.0835809	0.245885	0.663768115942029	383.2256925952752	53.66509153287659
88	11971.260115606936	0.0496987	0.184586	0.6021008403361344	337.4688417317947	66.99114491014406
89	12038.93023255814	0.0410658	0.162731	0.589225113122172	306.8830646492257	25.44260033945532
9	11846.92485549133	0.125107	0.288484	0.6633053221288515	301.7527651845058	102.91738548234724
90	12010.87356321839	0.0400439	0.189787	0.6048834628190899	284.5165576025522	35.16325051093959
91	11782.919540229885	0.0768218	0.145987	0.6603174603174603	304.43594011474215	76.23981962332422
92	11961.062857142857	0.117167	0.271867	0.64424391577796	257.9158544075371	122.72615463512099
93	12070.770114942528	0.0299912	0.112646	0.5756104328523862	148.670255826756	50.61247215145589
94	12040.936416184972	0.105506	0.182567	0.6485507246376812	495.89942331176985	41.96897400343255
95	11911.062857142857	0.0569597	0.114907	0.593929450369155	246.45571987220418	56.043606787526315
96	12059.022988505747	0.050803	0.260993	0.6043285238623751	229.14065361300425	72.06081078361495
97	12035.445086705202	0.131827	0.23072	0.6663879598662208	411.8829695021834	95.31036187973015
98	11937.07514450867	0.170662	0.257052	0.6840336134453782	538.1332442740146	91.9022857790673
99	11964.832369942196	0.0476317	0.2985	0.6327731092436975	360.3889275668517	27.306809060003832
