file	PRS_type	threshold	fold	Count	BETA	SE	P	r2_PRS	r2_full	AUC
input/fig3ab_prs/snp//fold0.SNP.0.00001.sscore	SNP	1e-5	0	30	7.065347930527779	4.60634737470525	0.12507179373157915	0.0188388	0.113372	0.5551681706316653
input/fig3ab_prs/snp//fold0.SNP.0.0001.sscore	SNP	1e-4	0	218	16.56643405076273	13.877558872008235	0.23257300818364446	0.0114501	0.106696	0.5407437790538693
input/fig3ab_prs/snp//fold0.SNP.0.001.sscore	SNP	0.001	0	1571.9885714285715	93.40512695017415	40.62320452932725	0.02148764055320853	0.0432776	0.135457	0.5935192780968007
input/fig3ab_prs/snp//fold0.SNP.0.01.sscore	SNP	0.01	0	11559.977142857142	69.64990073586969	140.54963501112812	0.620209280364487	0.00195735	0.0981175	0.534181022696199
input/fig3ab_prs/snp//fold0.SNP.0.05.sscore	SNP	0.05	0	43781.96571428572	186.87214936919074	314.68328482336165	0.552617798711871	0.00281201	0.0988898	0.5261143013398961
input/fig3ab_prs/snp//fold0.SNP.0.1.sscore	SNP	0.1	0	74633.95428571428	472.11104010636217	418.8261342141769	0.2596476143619238	0.0101753	0.105544	0.5471698113207547
input/fig3ab_prs/snp//fold1.SNP.0.00001.sscore	SNP	1e-5	1	28	0.09096413164910219	4.666134781195028	0.9844465959973251	3.02499e-6	0.0986508	0.4887886245556467
input/fig3ab_prs/snp//fold1.SNP.0.0001.sscore	SNP	1e-4	1	212	26.765975038970595	13.939655047709092	0.05484125253092973	0.0299213	0.125618	0.5843587640142193
input/fig3ab_prs/snp//fold1.SNP.0.001.sscore	SNP	0.001	1	1578	84.38952937817461	42.64229441389257	0.04781487428659562	0.0318736	0.127377	0.6000820344544708
input/fig3ab_prs/snp//fold1.SNP.0.01.sscore	SNP	0.01	1	11539.954285714286	357.65821602585015	141.06537812830481	0.011231659049066756	0.0531416	0.146547	0.6211375444353295
input/fig3ab_prs/snp//fold1.SNP.0.05.sscore	SNP	0.05	1	43723.92	964.8888472004273	309.9906469265989	0.0018542293749116302	0.0808348	0.171509	0.6298878862455565
input/fig3ab_prs/snp//fold1.SNP.0.1.sscore	SNP	0.1	1	74539.88571428572	1127.9148067103035	426.0325714609212	0.008109297735124527	0.0577629	0.150713	0.60062893081761
input/fig3ab_prs/snp//fold10.SNP.0.00001.sscore	SNP	1e-5	10	38	3.253649892449023	5.706655861426796	0.568575958842867	0.0026286	0.151842	0.5222860267979218
input/fig3ab_prs/snp//fold10.SNP.0.0001.sscore	SNP	1e-4	10	206	32.33675999852231	14.89440693393521	0.029926084675357182	0.0396752	0.183346	0.5926989335520919
input/fig3ab_prs/snp//fold10.SNP.0.001.sscore	SNP	0.001	10	1657.9885714285715	74.25359207644854	50.22507313340137	0.1392962504908131	0.0178181	0.164759	0.5549630844954881
input/fig3ab_prs/snp//fold10.SNP.0.01.sscore	SNP	0.01	10	11547.977142857142	417.56249394415835	149.56381653861519	0.005240466392653634	0.0659998	0.205732	0.6356302980585179
input/fig3ab_prs/snp//fold10.SNP.0.05.sscore	SNP	0.05	10	43411.897142857146	1179.152058785416	358.7602625933234	0.0010135401128682248	0.0930914	0.228771	0.6464315012305168
input/fig3ab_prs/snp//fold10.SNP.0.1.sscore	SNP	0.1	10	74493.89714285714	1680.6342636525167	500.478659614418	7.849333475009794e-4	0.0983446	0.233238	0.6539513262236806
input/fig3ab_prs/snp//fold11.SNP.0.00001.sscore	SNP	1e-5	11	32	6.29993030350426	5.224713192970818	0.22789674621700307	0.0116839	0.123804	0.5515449822258682
input/fig3ab_prs/snp//fold11.SNP.0.0001.sscore	SNP	1e-4	11	229.98857142857142	13.769339255832557	13.876129415058237	0.3210492339325789	0.0079065	0.120455	0.5373256767842494
input/fig3ab_prs/snp//fold11.SNP.0.001.sscore	SNP	0.001	11	1513.9885714285715	90.09842751196662	44.81209722302966	0.04436955269662959	0.0335199	0.143163	0.5736942849330052
input/fig3ab_prs/snp//fold11.SNP.0.01.sscore	SNP	0.01	11	11589.988571428572	496.14471333058356	165.87773718777083	0.0027804133264115586	0.077467	0.182124	0.6376811594202898
input/fig3ab_prs/snp//fold11.SNP.0.05.sscore	SNP	0.05	11	43641.98857142857	666.3923192017829	320.83231139168953	0.03779476814910986	0.0352921	0.144734	0.6050041017227236
input/fig3ab_prs/snp//fold11.SNP.0.1.sscore	SNP	0.1	11	74557.94285714286	994.6020883003165	443.5097059545826	0.02492447991679495	0.0411925	0.149965	0.6022696199070277
input/fig3ab_prs/snp//fold12.SNP.0.00001.sscore	SNP	1e-5	12	40	6.460362828872016	6.1855336317664555	0.2962860458578245	0.00914272	0.210661	0.5700483091787439
input/fig3ab_prs/snp//fold12.SNP.0.0001.sscore	SNP	1e-4	12	226	18.61211340167177	14.758597028630227	0.20727168100446122	0.0133471	0.21401	0.5653554175293306
input/fig3ab_prs/snp//fold12.SNP.0.001.sscore	SNP	0.001	12	1524	52.65492819232941	49.07905755013377	0.28333420503170187	0.00958782	0.211015	0.5391304347826087
input/fig3ab_prs/snp//fold12.SNP.0.01.sscore	SNP	0.01	12	11603.942528735632	299.0737952811162	160.28784533502636	0.06206172684025124	0.0293781	0.226781	0.5436853002070393
input/fig3ab_prs/snp//fold12.SNP.0.05.sscore	SNP	0.05	12	43719.88505747126	633.871293320199	352.9260511822022	0.07248725970874162	0.0272517	0.225087	0.5599723947550035
input/fig3ab_prs/snp//fold12.SNP.0.1.sscore	SNP	0.1	12	74585.86206896552	399.47774050901995	468.5829590467467	0.39392389024521784	0.00605378	0.2082	0.5442374051069703
input/fig3ab_prs/snp//fold13.SNP.0.00001.sscore	SNP	1e-5	13	34	5.066690016365525	5.0545138554383335	0.31614611269895276	0.00816683	0.12989	0.5361344537815126
input/fig3ab_prs/snp//fold13.SNP.0.0001.sscore	SNP	1e-4	13	232	32.08018866797156	15.762763050503466	0.04183194432951721	0.0340763	0.15262	0.5759103641456582
input/fig3ab_prs/snp//fold13.SNP.0.001.sscore	SNP	0.001	13	1543.9653179190752	94.1910494399451	48.398463755095655	0.051635783101984155	0.0312893	0.150175	0.580952380952381
input/fig3ab_prs/snp//fold13.SNP.0.01.sscore	SNP	0.01	13	11575.965317919075	505.83222373151807	161.33041934713225	0.0017163143638733631	0.0849378	0.19724	0.6302521008403361
input/fig3ab_prs/snp//fold13.SNP.0.05.sscore	SNP	0.05	13	43547.93063583815	1060.2870712265153	361.46937507387884	0.0033541267077815194	0.0744262	0.188018	0.6243697478991597
input/fig3ab_prs/snp//fold13.SNP.0.1.sscore	SNP	0.1	13	74571.90751445087	1260.0310051783592	470.0306112907193	0.007345903244955984	0.0611765	0.176394	0.615406162464986
input/fig3ab_prs/snp//fold14.SNP.0.00001.sscore	SNP	1e-5	14	26	19.125618069702956	5.694949567710462	7.841005141395323e-4	0.0978985	0.209244	0.6287940935192781
input/fig3ab_prs/snp//fold14.SNP.0.0001.sscore	SNP	1e-4	14	200	52.85015388383909	15.744378661526515	7.886056799084264e-4	0.0965202	0.208036	0.6542247744052502
input/fig3ab_prs/snp//fold14.SNP.0.001.sscore	SNP	0.001	14	1583.9771428571428	135.572662384088	47.525891047821865	0.004336228920163666	0.0691011	0.184001	0.6132075471698113
input/fig3ab_prs/snp//fold14.SNP.0.01.sscore	SNP	0.01	14	11627.977142857142	327.43964057860916	147.21740711376805	0.026135592383108933	0.0407948	0.159189	0.6122504785343178
input/fig3ab_prs/snp//fold14.SNP.0.05.sscore	SNP	0.05	14	43443.96571428572	404.3484395006982	311.9164157187979	0.1948597941992114	0.0136308	0.135377	0.5546896363139185
input/fig3ab_prs/snp//fold14.SNP.0.1.sscore	SNP	0.1	14	74763.93142857144	856.08796784387	459.5363891147463	0.062470938808627974	0.0283675	0.148295	0.5814875581077386
input/fig3ab_prs/snp//fold15.SNP.0.00001.sscore	SNP	1e-5	15	24	7.2301948560124885	4.368343952106649	0.09789730749925825	0.0217481	0.0971281	0.5867514356029532
input/fig3ab_prs/snp//fold15.SNP.0.0001.sscore	SNP	1e-4	15	202	57.69899007064883	16.64651968041935	5.280092344310199e-4	0.101337	0.170584	0.6568225321301614
input/fig3ab_prs/snp//fold15.SNP.0.001.sscore	SNP	0.001	15	1602	126.84901950383706	47.47265482899331	0.007539077649423328	0.0592494	0.13174	0.6103363412633306
input/fig3ab_prs/snp//fold15.SNP.0.01.sscore	SNP	0.01	15	11631.965714285714	247.14770817656336	133.6691928655357	0.06446497451091596	0.0275062	0.102443	0.577932731747334
input/fig3ab_prs/snp//fold15.SNP.0.05.sscore	SNP	0.05	15	43825.93142857143	125.17700735867945	273.1753192182241	0.6467875221870493	0.00166514	0.0785927	0.49958982772764565
input/fig3ab_prs/snp//fold15.SNP.0.1.sscore	SNP	0.1	15	74715.92	294.1370968103608	385.5795412879069	0.44555634829783525	0.00462492	0.0813244	0.5217391304347826
input/fig3ab_prs/snp//fold16.SNP.0.00001.sscore	SNP	1e-5	16	28	0.9320161281671984	4.141513254201507	0.8219462810922188	4.02777e-4	0.0763592	0.4631469979296066
input/fig3ab_prs/snp//fold16.SNP.0.0001.sscore	SNP	1e-4	16	222	20.556607952823594	13.225178571150561	0.12010002202956489	0.0193295	0.0938478	0.55527950310559
input/fig3ab_prs/snp//fold16.SNP.0.001.sscore	SNP	0.001	16	1502	52.72853042382146	44.41973911207918	0.23520719639085136	0.0112476	0.08638	0.5405106970324361
input/fig3ab_prs/snp//fold16.SNP.0.01.sscore	SNP	0.01	16	11537.954022988506	355.5236974483323	146.28333960956172	0.015083115140015847	0.0479462	0.12029	0.6046928916494134
input/fig3ab_prs/snp//fold16.SNP.0.05.sscore	SNP	0.05	16	43741.87356321839	607.1817579693142	333.33037372694054	0.06852155513805264	0.02684	0.100788	0.5944789510006901
input/fig3ab_prs/snp//fold16.SNP.0.1.sscore	SNP	0.1	16	74937.83908045977	718.0538185934727	472.09116368482347	0.12825815830977302	0.0187515	0.0933136	0.5707384403036577
input/fig3ab_prs/snp//fold17.SNP.0.00001.sscore	SNP	1e-5	17	34	10.165901279832282	5.266185537979605	0.05355596151854546	0.0319252	0.251612	0.576750700280112
input/fig3ab_prs/snp//fold17.SNP.0.0001.sscore	SNP	1e-4	17	236	32.729189941245515	15.616127067346156	0.036094760460231474	0.0381543	0.256427	0.5887955182072829
input/fig3ab_prs/snp//fold17.SNP.0.001.sscore	SNP	0.001	17	1591.9768786127167	34.32749804757347	46.306431054359074	0.4585044833799934	0.00465956	0.230534	0.5079831932773109
input/fig3ab_prs/snp//fold17.SNP.0.01.sscore	SNP	0.01	17	11641.976878612717	265.00747495755326	144.15341182986896	0.06600773179417772	0.0290969	0.249425	0.5528011204481793
input/fig3ab_prs/snp//fold17.SNP.0.05.sscore	SNP	0.05	17	43795.96531791907	534.0905580392713	317.99001379153276	0.09303851631826474	0.0243926	0.245789	0.5586834733893558
input/fig3ab_prs/snp//fold17.SNP.0.1.sscore	SNP	0.1	17	74997.91907514451	530.5528551328764	452.70318848407817	0.24121060925678828	0.0117103	0.235984	0.5330532212885154
input/fig3ab_prs/snp//fold18.SNP.0.00001.sscore	SNP	1e-5	18	24	6.550131939128372	4.4401197984806755	0.1401547130021895	0.017936	0.112947	0.5841704936854191
input/fig3ab_prs/snp//fold18.SNP.0.0001.sscore	SNP	1e-4	18	200	26.613732007383163	12.894451171053026	0.039020769558810633	0.0355001	0.128812	0.6086394948335246
input/fig3ab_prs/snp//fold18.SNP.0.001.sscore	SNP	0.001	18	1598	117.74267174134319	47.09720739022095	0.012419588744024315	0.0528645	0.144496	0.625
input/fig3ab_prs/snp//fold18.SNP.0.01.sscore	SNP	0.01	18	11488	466.5445036523063	163.56327767301747	0.0043393291473194685	0.070067	0.160034	0.6328932261768082
input/fig3ab_prs/snp//fold18.SNP.0.05.sscore	SNP	0.05	18	43740	522.4607014722013	285.6803827348793	0.06742515947841876	0.027987	0.122025	0.5836681974741676
input/fig3ab_prs/snp//fold18.SNP.0.1.sscore	SNP	0.1	18	74391.98830409357	812.1766168324845	420.9993095717459	0.053710533875726926	0.0312435	0.124967	0.5859644087256027
input/fig3ab_prs/snp//fold19.SNP.0.00001.sscore	SNP	1e-5	19	26	6.350711078955478	4.301301726466757	0.13981975146758008	0.0176725	0.129879	0.5638655462184874
input/fig3ab_prs/snp//fold19.SNP.0.0001.sscore	SNP	1e-4	19	200	36.60905712020561	13.964976884404706	0.00875461491840592	0.0583521	0.165912	0.5878151260504202
input/fig3ab_prs/snp//fold19.SNP.0.001.sscore	SNP	0.001	19	1534	76.47836883554241	46.50083130986528	0.10003856333281423	0.0223833	0.134052	0.5697478991596638
input/fig3ab_prs/snp//fold19.SNP.0.01.sscore	SNP	0.01	19	11583.988439306358	321.9959727495712	149.30607115305358	0.03103553895248502	0.039044	0.148809	0.5981792717086835
input/fig3ab_prs/snp//fold19.SNP.0.05.sscore	SNP	0.05	19	43415.96531791907	450.5389447357781	317.92628150900657	0.15644853320791385	0.0165262	0.128864	0.5379551820728291
input/fig3ab_prs/snp//fold19.SNP.0.1.sscore	SNP	0.1	19	74507.93063583814	560.79203917786	450.572166255195	0.21327072271070605	0.0127347	0.125505	0.5438375350140056
input/fig3ab_prs/snp//fold2.SNP.0.00001.sscore	SNP	1e-5	2	38	14.274839643939348	6.590342757744288	0.030309363884148746	0.0402758	0.224312	0.6102240896358543
input/fig3ab_prs/snp//fold2.SNP.0.0001.sscore	SNP	1e-4	2	212	26.420224401241406	15.205259214590683	0.08228635292782302	0.0256798	0.212515	0.5887955182072829
input/fig3ab_prs/snp//fold2.SNP.0.001.sscore	SNP	0.001	2	1576	107.00801281261306	50.30358779302967	0.03339980261499087	0.0387299	0.223062	0.5826330532212886
input/fig3ab_prs/snp//fold2.SNP.0.01.sscore	SNP	0.01	2	11544	355.0635651959189	163.06425377834384	0.029447325873311694	0.0404235	0.224431	0.5813725490196079
input/fig3ab_prs/snp//fold2.SNP.0.05.sscore	SNP	0.05	2	43439.97687861272	439.2324103002172	332.4833298064993	0.18647937087569652	0.0146913	0.203633	0.5338935574229692
input/fig3ab_prs/snp//fold2.SNP.0.1.sscore	SNP	0.1	2	74313.93063583814	1180.76092350986	485.5668763607419	0.015027469631847212	0.0511766	0.233122	0.5899159663865546
input/fig3ab_prs/snp//fold20.SNP.0.00001.sscore	SNP	1e-5	20	26	5.103038554335048	4.695956453987487	0.27717481066336536	0.00943598	0.063853	0.5627992114897212
input/fig3ab_prs/snp//fold20.SNP.0.0001.sscore	SNP	1e-4	20	218	46.17878513063355	15.029462806473553	0.0021223783959115794	0.0789853	0.129582	0.6471416502393692
input/fig3ab_prs/snp//fold20.SNP.0.001.sscore	SNP	0.001	20	1577.9884393063585	92.60750068808689	44.165720347643685	0.03600964287598139	0.0361346	0.0890849	0.5742044494508589
input/fig3ab_prs/snp//fold20.SNP.0.01.sscore	SNP	0.01	20	11639.965317919075	401.20537472266557	154.59492116720673	0.009453476077510998	0.0566686	0.108491	0.6006758659532526
input/fig3ab_prs/snp//fold20.SNP.0.05.sscore	SNP	0.05	20	43609.94219653179	522.2461837841056	313.0138013812998	0.09522750266879734	0.0225545	0.0762508	0.5611095466065897
input/fig3ab_prs/snp//fold20.SNP.0.1.sscore	SNP	0.1	20	74729.90751445087	651.3125968945274	427.58682855941004	0.12770145844096173	0.0186894	0.0725981	0.5494226978315967
input/fig3ab_prs/snp//fold21.SNP.0.00001.sscore	SNP	1e-5	21	28	6.95742357825894	4.454448328877791	0.11831045182245037	0.0198319	0.156385	0.5900328137817884
input/fig3ab_prs/snp//fold21.SNP.0.0001.sscore	SNP	1e-4	21	214	41.52973358480443	15.315089357082979	0.006694170616880477	0.0620168	0.192693	0.6028165162701669
input/fig3ab_prs/snp//fold21.SNP.0.001.sscore	SNP	0.001	21	1584	120.36274518718525	49.02014661354666	0.014073846634822107	0.0504203	0.182712	0.595980311730927
input/fig3ab_prs/snp//fold21.SNP.0.01.sscore	SNP	0.01	21	11719.954285714286	315.3323812162881	147.78110227289196	0.03286078227275757	0.037487	0.171581	0.5823079026524474
input/fig3ab_prs/snp//fold21.SNP.0.05.sscore	SNP	0.05	21	43595.90857142857	288.4991639430343	284.4681036504316	0.3105013939666664	0.0083446	0.146498	0.5493573967733115
input/fig3ab_prs/snp//fold21.SNP.0.1.sscore	SNP	0.1	21	74829.88571428572	439.7325549142939	427.645413112684	0.30382547139369426	0.00861593	0.146732	0.55687722176647525
input/fig3ab_prs/snp//fold22.SNP.0.00001.sscore	SNP	1e-5	22	34	13.632676098874013	5.310936570186325	0.010261036019482198	0.0557663	0.186923	0.6284334023464458
input/fig3ab_prs/snp//fold22.SNP.0.0001.sscore	SNP	1e-4	22	228	20.601783367212374	15.80001065317204	0.19226445424608785	0.01388	0.150855	0.5721187025534852
input/fig3ab_prs/snp//fold22.SNP.0.001.sscore	SNP	0.001	22	1535.9770114942528	100.26221877230104	48.7423788004457	0.039687912066647124	0.035152	0.169172	0.5884057971014492
input/fig3ab_prs/snp//fold22.SNP.0.01.sscore	SNP	0.01	22	11535.954022988506	310.5808172278567	160.72529008179217	0.05331378625280283	0.0310319	0.165624	0.5649413388543824
input/fig3ab_prs/snp//fold22.SNP.0.05.sscore	SNP	0.05	22	43685.91954022989	553.0272246235264	332.3887126702402	0.0961530748980726	0.0229035	0.158625	0.5592822636300897
input/fig3ab_prs/snp//fold22.SNP.0.1.sscore	SNP	0.1	22	74569.88505747127	1417.748976809386	498.21358894303137	0.004431879101649664	0.0696441	0.198873	0.6147688060731539
input/fig3ab_prs/snp//fold23.SNP.0.00001.sscore	SNP	1e-5	23	32	-1.081107064278512	5.924514111778529	0.8552058195031613	2.80809e-4	0.240327	0.5119392684610076
input/fig3ab_prs/snp//fold23.SNP.0.0001.sscore	SNP	1e-4	23	210	22.232902436361982	16.970267234687654	0.19015891241104954	0.0146015	0.251209	0.5519668737060042
input/fig3ab_prs/snp//fold23.SNP.0.001.sscore	SNP	0.001	23	1534	96.21482903367726	46.315073549692706	0.03776486479207304	0.0367769	0.26806	0.5838509316770186
input/fig3ab_prs/snp//fold23.SNP.0.01.sscore	SNP	0.01	23	11585.977011494253	332.741481360788	142.08962824811607	0.019192446843296976	0.0476016	0.276286	0.6472049689440994
input/fig3ab_prs/snp//fold23.SNP.0.05.sscore	SNP	0.05	23	43569.97701149425	460.98484621847047	315.8630392726789	0.14444256981222434	0.0183601	0.254065	0.6051069703243617
input/fig3ab_prs/snp//fold23.SNP.0.1.sscore	SNP	0.1	23	74491.96551724138	940.5329460109073	471.13994210552045	0.04590213708450651	0.0352678	0.266913	0.6339544513457557
input/fig3ab_prs/snp//fold24.SNP.0.00001.sscore	SNP	1e-5	24	44	-0.6810907638300446	6.420584952757099	0.9155194833047159	8.99961e-5	0.0913729	0.5113762486126526
input/fig3ab_prs/snp//fold24.SNP.0.0001.sscore	SNP	1e-4	24	200	18.146804594347763	15.174422867572009	0.2317429851968523	0.0115314	0.10177	0.5788013318534961
input/fig3ab_prs/snp//fold24.SNP.0.001.sscore	SNP	0.001	24	1565.9885057471265	71.33979273771035	47.743370080989315	0.13511432716699778	0.0181824	0.107814	0.5504994450610433
input/fig3ab_prs/snp//fold24.SNP.0.01.sscore	SNP	0.01	24	11701.988505747126	217.026541333081	148.74862312592134	0.14456085161643162	0.0172921	0.107005	0.582408435072142
input/fig3ab_prs/snp//fold24.SNP.0.05.sscore	SNP	0.05	24	43849.93103448276	29.59126446927162	308.07558235904327	0.9234793027208377	7.37778e-5	0.0913581	0.5066592674805771
input/fig3ab_prs/snp//fold24.SNP.0.1.sscore	SNP	0.1	24	74753.91954022988	115.09539642066228	426.9532284505315	0.7874881729602339	5.82017e-4	0.09182	0.5045782463928968
input/fig3ab_prs/snp//fold25.SNP.0.00001.sscore	SNP	1e-5	25	44	2.8057501955120454	6.119201209167158	0.6465819422370732	0.00165556	0.0541626	0.5133989608969101
input/fig3ab_prs/snp//fold25.SNP.0.0001.sscore	SNP	1e-4	25	230	15.930108777291094	15.561664503354406	0.3059881434758274	0.008284	0.0604424	0.5222860267979218
input/fig3ab_prs/snp//fold25.SNP.0.001.sscore	SNP	0.001	25	1569.9885714285715	106.57039693436522	50.11489582880253	0.03345987181837589	0.036593	0.0872626	0.5929723817336615
input/fig3ab_prs/snp//fold25.SNP.0.01.sscore	SNP	0.01	25	11583.988571428572	319.3362070778564	141.19696674924538	0.02371987385543902	0.0413257	0.0917463	0.5821711785616626
input/fig3ab_prs/snp//fold25.SNP.0.05.sscore	SNP	0.05	25	43215.92	786.3274262822209	309.26997968398337	0.01100539425771387	0.0530329	0.102838	0.601312551271534
input/fig3ab_prs/snp//fold25.SNP.0.1.sscore	SNP	0.1	25	74635.92	1083.3192745497313	431.7392584534547	0.012100564362790533	0.0513537	0.101247	0.601312551271534
input/fig3ab_prs/snp//fold26.SNP.0.00001.sscore	SNP	1e-5	26	32	12.515339711143424	5.76964551284129	0.03006980938681481	0.0388793	0.174436	0.5943396226415094
input/fig3ab_prs/snp//fold26.SNP.0.0001.sscore	SNP	1e-4	26	180	33.688392017996335	13.965762106723892	0.015856018114779345	0.04871	0.18288	0.6097894449001914
input/fig3ab_prs/snp//fold26.SNP.0.001.sscore	SNP	0.001	26	1483.9885714285715	204.3734392297848	52.41088542751523	9.641287143912472e-5	0.136083	0.257931	0.6866283839212469
input/fig3ab_prs/snp//fold26.SNP.0.01.sscore	SNP	0.01	26	11433.977142857142	608.6476442037646	157.94526204990626	1.1642446467676828e-4	0.132982	0.255267	0.6751435602953241
input/fig3ab_prs/snp//fold26.SNP.0.05.sscore	SNP	0.05	26	43523.94285714286	990.6145918595815	320.55691850821734	0.00199959571559698	0.0799157	0.209685	0.6468416735028713
input/fig3ab_prs/snp//fold26.SNP.0.1.sscore	SNP	0.1	26	74927.89714285714	1261.6860922079052	446.9652000144546	0.004760867577031381	0.0670193	0.198607	0.6215477167076839
input/fig3ab_prs/snp//fold27.SNP.0.00001.sscore	SNP	1e-5	27	28	8.445808340404014	4.738630268142403	0.07469524564904559	0.0261997	0.150156	0.5791527313266444
input/fig3ab_prs/snp//fold27.SNP.0.0001.sscore	SNP	1e-4	27	212	27.18498020618027	13.647106230850097	0.046371503336796634	0.0326267	0.155765	0.5865384615384616
input/fig3ab_prs/snp//fold27.SNP.0.001.sscore	SNP	0.001	27	1594	79.32535680881246	45.24623041141761	0.07956895101233932	0.025308	0.149377	0.5744147157190636
input/fig3ab_prs/snp//fold27.SNP.0.01.sscore	SNP	0.01	27	11607.988439306358	187.76433088475252	146.7910626794388	0.20085253076817292	0.0133641	0.138954	0.5615942028985508
input/fig3ab_prs/snp//fold27.SNP.0.05.sscore	SNP	0.05	27	43689.93063583815	397.6551144886287	316.0658581504358	0.20834111147336618	0.0129233	0.138569	0.5327480490523969
input/fig3ab_prs/snp//fold27.SNP.0.1.sscore	SNP	0.1	27	74799.93063583814	812.2284577420739	438.1913788084042	0.06379741461616169	0.0282472	0.151942	0.5684225195094761
input/fig3ab_prs/snp//fold28.SNP.0.00001.sscore	SNP	1e-5	28	32	9.565081026788825	5.813031489834196	0.09987604028164543	0.0230667	0.187365	0.5530260180995475
input/fig3ab_prs/snp//fold28.SNP.0.0001.sscore	SNP	1e-4	28	214	45.49400288292827	16.356729151111313	0.005413115598692904	0.0673547	0.224205	0.6077488687782806
input/fig3ab_prs/snp//fold28.SNP.0.001.sscore	SNP	0.001	28	1562	135.22841470882392	48.10493818433318	0.004937045097925032	0.0700273	0.226428	0.5989819004524887
input/fig3ab_prs/snp//fold28.SNP.0.01.sscore	SNP	0.01	28	11528	651.4852338326469	175.24181463046395	2.0109593882966102e-4	0.127098	0.273901	0.6675622171945701
input/fig3ab_prs/snp//fold28.SNP.0.05.sscore	SNP	0.05	28	43555.95348837209	812.2639205091598	357.24491370607916	0.022984676873112297	0.0448652	0.205497	0.5871040723981901
input/fig3ab_prs/snp//fold28.SNP.0.1.sscore	SNP	0.1	28	74627.91860465116	1010.9966289569919	471.0604344028379	0.031855887157762226	0.0393733	0.200929	0.5957296380090498
input/fig3ab_prs/snp//fold29.SNP.0.00001.sscore	SNP	1e-5	29	32	5.7746871567388665	5.254735862605298	0.2717902757579027	0.00967377	0.0861503	0.538515406162465
input/fig3ab_prs/snp//fold29.SNP.0.0001.sscore	SNP	1e-4	29	224	20.899982792806625	15.067813808593876	0.16542304348003325	0.0154976	0.0915244	0.5589635854341737
input/fig3ab_prs/snp//fold29.SNP.0.001.sscore	SNP	0.001	29	1620	63.59464170003823	46.89576956184386	0.1750721789288125	0.0148851	0.0909592	0.5425770308123249
input/fig3ab_prs/snp//fold29.SNP.0.01.sscore	SNP	0.01	29	11527.976878612717	299.2916605162157	136.30088605287057	0.028105119074065682	0.039503	0.113676	0.6004201680672269
input/fig3ab_prs/snp//fold29.SNP.0.05.sscore	SNP	0.05	29	43569.97687861272	691.3132051901265	320.62100218263055	0.031070437251461937	0.0386565	0.112895	0.5857142857142857
input/fig3ab_prs/snp//fold29.SNP.0.1.sscore	SNP	0.1	29	74703.91907514451	902.9599527880941	469.8265284602411	0.05461824868763848	0.030443	0.105316	0.5780112044817927
input/fig3ab_prs/snp//fold3.SNP.0.00001.sscore	SNP	1e-5	3	30	10.3469526711815	4.887195736863131	0.034246664201289786	0.036949	0.114775	0.5714186176142698
input/fig3ab_prs/snp//fold3.SNP.0.0001.sscore	SNP	1e-4	3	208	44.319885737794515	15.887950009855336	0.00527848876201518	0.0656768	0.141181	0.5889074693422519
input/fig3ab_prs/snp//fold3.SNP.0.001.sscore	SNP	0.001	3	1569.9884393063585	101.38715500753682	45.675636203807834	0.026437733041141647	0.0407439	0.118263	0.5752508361204013
input/fig3ab_prs/snp//fold3.SNP.0.01.sscore	SNP	0.01	3	11613.988439306358	352.9403792255592	157.7934164633543	0.025304360545042412	0.0417704	0.119206	0.5759476031215162
input/fig3ab_prs/snp//fold3.SNP.0.05.sscore	SNP	0.05	3	43675.94219653179	184.6317045164597	320.6978491587873	0.564805426891191	0.00266121	0.0832577	0.5146321070234113
input/fig3ab_prs/snp//fold3.SNP.0.1.sscore	SNP	0.1	3	74931.90751445087	190.50083662631093	456.17244533926294	0.6762344294842888	0.0013974	0.082096	0.5236900780379041
input/fig3ab_prs/snp//fold30.SNP.0.00001.sscore	SNP	1e-5	30	38	11.69122497197232	5.499852932364661	0.03352540516746329	0.036484	0.101478	0.5965272080940662
input/fig3ab_prs/snp//fold30.SNP.0.0001.sscore	SNP	1e-4	30	206	30.145652170685203	14.341795822148436	0.035558178587171016	0.0355417	0.100599	0.5940661744599398
input/fig3ab_prs/snp//fold30.SNP.0.001.sscore	SNP	0.001	30	1530	126.81914537324305	50.47469164346443	0.011986912570631445	0.0530645	0.11694	0.6096527208094066
input/fig3ab_prs/snp//fold30.SNP.0.01.sscore	SNP	0.01	30	11399.988571428572	461.84950638746415	152.72700900234418	0.0024944007414251022	0.0752921	0.137668	0.64766201804758
input/fig3ab_prs/snp//fold30.SNP.0.05.sscore	SNP	0.05	30	43509.96571428572	863.583903325012	320.8207304763178	0.007106843859494013	0.059504	0.122945	0.6345365053322396
input/fig3ab_prs/snp//fold30.SNP.0.1.sscore	SNP	0.1	30	74285.95428571428	1238.1722599377538	442.2621975989069	0.0051160586504337534	0.0643806	0.127492	0.6337161607875308
input/fig3ab_prs/snp//fold31.SNP.0.00001.sscore	SNP	1e-5	31	28	5.775357389637824	4.715112255907193	0.22062757474020062	0.0119081	0.0815831	0.5299425758818704
input/fig3ab_prs/snp//fold31.SNP.0.0001.sscore	SNP	1e-4	31	216	43.28237072227691	15.007986309820431	0.003927137398453697	0.0689721	0.134623	0.6415094339622641
input/fig3ab_prs/snp//fold31.SNP.0.001.sscore	SNP	0.001	31	1571.9771428571428	81.33248069214915	40.179246507146175	0.04294535435936037	0.0330267	0.101213	0.581897730380093
input/fig3ab_prs/snp//fold31.SNP.0.01.sscore	SNP	0.01	31	11675.965714285714	216.90953654571973	127.86468744630025	0.08981033021136324	0.0229703	0.0918653	0.5750615258408531
input/fig3ab_prs/snp//fold31.SNP.0.05.sscore	SNP	0.05	31	43883.94285714286	180.21907820578593	282.3700347840271	0.5233192439055174	0.0032309	0.0735178	0.5257041290675417
input/fig3ab_prs/snp//fold31.SNP.0.1.sscore	SNP	0.1	31	74741.90857142858	348.8815190370155	407.79169026212264	0.3922530620467833	0.00581494	0.0759196	0.5200984413453651
input/fig3ab_prs/snp//fold32.SNP.0.00001.sscore	SNP	1e-5	32	40	9.194493656199201	5.922389612312201	0.12054328739490111	0.01938	0.101844	0.5540060158599945
input/fig3ab_prs/snp//fold32.SNP.0.0001.sscore	SNP	1e-4	32	238	12.369953179141978	14.776319580893565	0.40250988469774734	0.0055498	0.0891765	0.5213289581624282
input/fig3ab_prs/snp//fold32.SNP.0.001.sscore	SNP	0.001	32	1530	65.24583983424324	48.43848490035855	0.17798554745409095	0.0146438	0.0975058	0.5538692917692097
input/fig3ab_prs/snp//fold32.SNP.0.01.sscore	SNP	0.01	32	11451.977142857142	390.41670166340117	148.23510710291737	0.008444346675473063	0.0569939	0.136294	0.6390484003281378
input/fig3ab_prs/snp//fold32.SNP.0.05.sscore	SNP	0.05	32	43521.97714285714	864.0387305461905	324.57917783804606	0.007767150887878136	0.0590675	0.138194	0.6315285753349741
input/fig3ab_prs/snp//fold32.SNP.0.1.sscore	SNP	0.1	32	74899.93142857144	854.6714788974809	437.32094420146905	0.05066165240330052	0.0311774	0.112649	0.5940661744599398
input/fig3ab_prs/snp//fold33.SNP.0.00001.sscore	SNP	1e-5	33	36	5.710893535849932	5.661813024332613	0.31313355160184025	0.0082827	0.156165	0.508066721356303
input/fig3ab_prs/snp//fold33.SNP.0.0001.sscore	SNP	1e-4	33	200	23.504732368950346	15.097247550917265	0.11949694021182293	0.0199558	0.166097	0.5609789444900192
input/fig3ab_prs/snp//fold33.SNP.0.001.sscore	SNP	0.001	33	1505.9771428571428	86.17849543372704	43.54749957591181	0.04782119345645993	0.0324184	0.176701	0.5630298058517911
input/fig3ab_prs/snp//fold33.SNP.0.01.sscore	SNP	0.01	33	11583.977142857142	311.81996771431807	148.74605929014177	0.036053439046649746	0.0368551	0.180476	0.556330325403336
input/fig3ab_prs/snp//fold33.SNP.0.05.sscore	SNP	0.05	33	43523.95428571429	901.9067966878148	326.0241764745383	0.005668242303466909	0.0644036	0.203917	0.579163248564397
input/fig3ab_prs/snp//fold33.SNP.0.1.sscore	SNP	0.1	33	74299.93142857144	1148.3433235668024	463.5344520546838	0.013235703280068123	0.0515205	0.192955	0.571780147662018
input/fig3ab_prs/snp//fold34.SNP.0.00001.sscore	SNP	1e-5	34	28	4.536412499387786	4.816004475188838	0.3462206756884763	0.00749016	0.228228	0.5663216011042098
input/fig3ab_prs/snp//fold34.SNP.0.0001.sscore	SNP	1e-4	34	188	31.070010277409914	14.098243013224142	0.027536903856810735	0.0419811	0.255048	0.610351966873706
input/fig3ab_prs/snp//fold34.SNP.0.001.sscore	SNP	0.001	34	1572	139.2260440754069	50.55851192934918	0.005891482456693862	0.0676742	0.275026	0.6324361628709455
input/fig3ab_prs/snp//fold34.SNP.0.01.sscore	SNP	0.01	34	11545.988505747126	384.4943698048186	170.6484354414245	0.024250487830867445	0.0444298	0.256952	0.5953071083505866
input/fig3ab_prs/snp//fold34.SNP.0.05.sscore	SNP	0.05	34	43419.9540229885	630.9620320793202	357.8378358409123	0.07785622922540962	0.0267079	0.243171	0.5704623878536922
input/fig3ab_prs/snp//fold34.SNP.0.1.sscore	SNP	0.1	34	74413.908045977	1284.904066514107	494.85084756588583	0.009416569901488444	0.0592011	0.268438	0.6115942028985507
input/fig3ab_prs/snp//fold35.SNP.0.00001.sscore	SNP	1e-5	35	28	1.055031504899411	4.681042926479001	0.8216806696186562	4.06553e-4	0.100125	0.5020703933747412
input/fig3ab_prs/snp//fold35.SNP.0.0001.sscore	SNP	1e-4	35	192	22.92550816696091	13.433929137195616	0.08790799067053347	0.0235805	0.120987	0.5831608005521048
input/fig3ab_prs/snp//fold35.SNP.0.001.sscore	SNP	0.001	35	1526	89.10845842550168	46.61547228710353	0.05593214120851402	0.0301618	0.126912	0.5845410628019324
input/fig3ab_prs/snp//fold35.SNP.0.01.sscore	SNP	0.01	35	11547.977011494253	288.3695314737391	137.97508521069025	0.036616755823177305	0.0362238	0.132369	0.5757073844030366
input/fig3ab_prs/snp//fold35.SNP.0.05.sscore	SNP	0.05	35	43571.91954022989	496.444049200184	294.94011272439707	0.09233582216082747	0.0231863	0.120632	0.5498964803312629
input/fig3ab_prs/snp//fold35.SNP.0.1.sscore	SNP	0.1	35	74739.908045977	509.8695925800052	413.0895326498065	0.21709728355644362	0.0123341	0.110863	0.5360938578329882
input/fig3ab_prs/snp//fold36.SNP.0.00001.sscore	SNP	1e-5	36	42	0.8469905382931178	5.77996251598776	0.8834958211831817	1.75665e-4	0.160113	0.5099889012208657
input/fig3ab_prs/snp//fold36.SNP.0.0001.sscore	SNP	1e-4	36	210	28.96951170771556	14.698318064273476	0.04873067141218972	0.0327913	0.187512	0.6019700332963374
input/fig3ab_prs/snp//fold36.SNP.0.001.sscore	SNP	0.001	36	1559.9770114942528	102.99810337795411	48.89401552920036	0.03515586834349475	0.0372337	0.191243	0.5929522752497225
input/fig3ab_prs/snp//fold36.SNP.0.01.sscore	SNP	0.01	36	11573.977011494253	447.84347360971697	163.3662274511083	0.006118790017100992	0.064535	0.214177	0.6179245283018868
input/fig3ab_prs/snp//fold36.SNP.0.05.sscore	SNP	0.05	36	43385.91954022989	710.3670644035757	314.2390566926855	0.023784382363812685	0.0432094	0.196263	0.6136237513873474
input/fig3ab_prs/snp//fold36.SNP.0.1.sscore	SNP	0.1	36	74591.8735632184	1233.8128934586523	436.56922626821347	0.004711026236409298	0.069099	0.218011	0.6354051054384018
input/fig3ab_prs/snp//fold37.SNP.0.00001.sscore	SNP	1e-5	37	32	3.3992247639106745	5.661705239833369	0.5482471092029513	0.0030322	0.219626	0.5471288515406162
input/fig3ab_prs/snp//fold37.SNP.0.0001.sscore	SNP	1e-4	37	226	18.11611169049977	15.803623668209353	0.2516601059981997	0.0110984	0.22594	0.5990196078431372
input/fig3ab_prs/snp//fold37.SNP.0.001.sscore	SNP	0.001	37	1652	63.67381900917841	47.14534700293017	0.17682826891826026	0.0154326	0.229333	0.5861344537815126
input/fig3ab_prs/snp//fold37.SNP.0.01.sscore	SNP	0.01	37	11641.976878612717	225.06694463266246	143.11991951056075	0.11581703808039136	0.0211401	0.2338	0.6009803921568627
input/fig3ab_prs/snp//fold37.SNP.0.05.sscore	SNP	0.05	37	43813.93063583815	379.4303917141456	351.4220300743293	0.2802757611614232	0.00989428	0.224998	0.5666666666666667
input/fig3ab_prs/snp//fold37.SNP.0.1.sscore	SNP	0.1	37	74967.91907514451	495.96177714475493	477.9631402613884	0.2994297912939951	0.00913387	0.224402	0.573109243697479
input/fig3ab_prs/snp//fold38.SNP.0.00001.sscore	SNP	1e-5	38	32	4.071467024528945	5.308115830833253	0.443065589943158	0.00478534	0.110942	0.5080367393800229
input/fig3ab_prs/snp//fold38.SNP.0.0001.sscore	SNP	1e-4	38	216	19.830653122641618	15.290423104720603	0.1946542675062958	0.0138716	0.119059	0.5434845005740528
input/fig3ab_prs/snp//fold38.SNP.0.001.sscore	SNP	0.001	38	1491.9766081871346	82.37341710588439	44.25929415709325	0.06272225763312674	0.0291222	0.132683	0.582089552238806
input/fig3ab_prs/snp//fold38.SNP.0.01.sscore	SNP	0.01	38	11697.941520467837	310.75870107529846	161.11397906272012	0.05375410929306393	0.0312674	0.134599	0.5569747416762342
input/fig3ab_prs/snp//fold38.SNP.0.05.sscore	SNP	0.05	38	43591.94152046784	501.26301710930125	355.3670126233287	0.15837727920900466	0.0164818	0.121391	0.562284730195178
input/fig3ab_prs/snp//fold38.SNP.0.1.sscore	SNP	0.1	38	74641.90643274854	759.5578286621792	486.4614265733588	0.11843087680199052	0.0201375	0.124657	0.5723306544202067
input/fig3ab_prs/snp//fold39.SNP.0.00001.sscore	SNP	1e-5	39	30	12.190129114108597	5.163587307445101	0.018236207853451192	0.0464315	0.14764	0.6077488687782805
input/fig3ab_prs/snp//fold39.SNP.0.0001.sscore	SNP	1e-4	39	208	43.593597880333355	15.86025957460636	0.005984935739069038	0.0636219	0.163006	0.637302036199095
input/fig3ab_prs/snp//fold39.SNP.0.001.sscore	SNP	0.001	39	1547.9883720930231	98.7099853807455	45.81163967777758	0.031185923972993287	0.0387609	0.140784	0.5930429864253394
input/fig3ab_prs/snp//fold39.SNP.0.01.sscore	SNP	0.01	39	11651.96511627907	473.459338153339	155.73534553381373	0.002364576898111035	0.0805846	0.178168	0.6217477375565611
input/fig3ab_prs/snp//fold39.SNP.0.05.sscore	SNP	0.05	39	43719.941860465115	600.995600780034	336.10790062978737	0.07375936514450131	0.0265748	0.129891	0.5533088235294118
input/fig3ab_prs/snp//fold39.SNP.0.1.sscore	SNP	0.1	39	74867.87209302325	694.2104285284222	446.0460972635011	0.1196213792531564	0.0199114	0.123935	0.5544400452488688
input/fig3ab_prs/snp//fold4.SNP.0.00001.sscore	SNP	1e-5	4	38	4.579102557046038	5.620853885000386	0.41526514948068577	0.00532083	0.121812	0.5654908394859174
input/fig3ab_prs/snp//fold4.SNP.0.0001.sscore	SNP	1e-4	4	198	5.422175246744868	13.82440717310755	0.694897470671521	0.00123099	0.118202	0.5262510254306809
input/fig3ab_prs/snp//fold4.SNP.0.001.sscore	SNP	0.001	4	1554	68.4221293469274	42.36088010501937	0.1062631192491033	0.0211721	0.135807	0.5855892808312825
input/fig3ab_prs/snp//fold4.SNP.0.01.sscore	SNP	0.01	4	11523.92	234.89425148711715	150.34749863410784	0.11820738042054703	0.0198434	0.134634	0.5890073831009024
input/fig3ab_prs/snp//fold4.SNP.0.05.sscore	SNP	0.05	4	43617.897142857146	402.19181810030193	311.9981332660491	0.197368866991383	0.0134213	0.128964	0.5890073831009024
input/fig3ab_prs/snp//fold4.SNP.0.1.sscore	SNP	0.1	4	75141.86285714286	648.8567281379056	427.157327334002	0.1287596981896998	0.0186788	0.133606	0.5834016953787258
input/fig3ab_prs/snp//fold40.SNP.0.00001.sscore	SNP	1e-5	40	44	3.1734765233398163	6.4282958822969425	0.6215370914135203	0.0020177	0.194856	0.5413388543823326
input/fig3ab_prs/snp//fold40.SNP.0.0001.sscore	SNP	1e-4	40	224	28.515966273978496	16.87315805799438	0.09102422262254756	0.024015	0.212602	0.5605244996549344
input/fig3ab_prs/snp//fold40.SNP.0.001.sscore	SNP	0.001	40	1563.9770114942528	44.84932418773616	49.112796111201796	0.3611425163058738	0.00691324	0.198805	0.538992408557626
input/fig3ab_prs/snp//fold40.SNP.0.01.sscore	SNP	0.01	40	11551.977011494253	301.56437648114917	164.79856140441595	0.06726535723970589	0.0286418	0.216335	0.5935127674258109
input/fig3ab_prs/snp//fold40.SNP.0.05.sscore	SNP	0.05	40	43713.9540229885	742.9297262748238	341.31987448302584	0.029507605665296446	0.0401645	0.225631	0.5897860593512767
input/fig3ab_prs/snp//fold40.SNP.0.1.sscore	SNP	0.1	40	74663.93103448275	832.301661048962	480.91644156833223	0.08351286421263963	0.0252841	0.213626	0.5555555555555556
input/fig3ab_prs/snp//fold41.SNP.0.00001.sscore	SNP	1e-5	41	38	6.9450511445531555	5.988688741743685	0.24617309134367654	0.0109166	0.113298	0.5707547169811321
input/fig3ab_prs/snp//fold41.SNP.0.0001.sscore	SNP	1e-4	41	208	15.550696424641098	15.87027873937948	0.327153827130289	0.007735	0.110446	0.5355160932297447
input/fig3ab_prs/snp//fold41.SNP.0.001.sscore	SNP	0.001	41	1604	172.18790632117478	56.87259147346878	0.0024649770917209274	0.0768165	0.172377	0.6234739178690344
input/fig3ab_prs/snp//fold41.SNP.0.01.sscore	SNP	0.01	41	11503.954022988506	265.3580489534406	136.12422506048384	0.05124987960429466	0.0313527	0.131619	0.5728357380688124
input/fig3ab_prs/snp//fold41.SNP.0.05.sscore	SNP	0.05	41	43459.93103448276	734.1897542938657	306.88939666333215	0.01674043752840652	0.048187	0.146711	0.5879578246392897
input/fig3ab_prs/snp//fold41.SNP.0.1.sscore	SNP	0.1	41	74299.908045977	1185.801667079324	457.45724722833575	0.009537583400609336	0.0578739	0.155395	0.6098779134295228
input/fig3ab_prs/snp//fold42.SNP.0.00001.sscore	SNP	1e-5	42	28	8.174588424139658	5.086113366991119	0.10800243862516351	0.0209875	0.130246	0.5361635220125787
input/fig3ab_prs/snp//fold42.SNP.0.0001.sscore	SNP	1e-4	42	200	52.11798393878681	16.547656064909454	0.0016351151238010984	0.0837651	0.186017	0.6339896089691004
input/fig3ab_prs/snp//fold42.SNP.0.001.sscore	SNP	0.001	42	1542	144.11681306136614	46.70002898577847	0.002028611724647251	0.0806819	0.183278	0.6495761553185672
input/fig3ab_prs/snp//fold42.SNP.0.01.sscore	SNP	0.01	42	11649.965714285714	384.26840260140796	141.36158076733534	0.0065610992329473705	0.0620082	0.166689	0.6309816789718349
input/fig3ab_prs/snp//fold42.SNP.0.05.sscore	SNP	0.05	42	43583.96571428572	799.4273183821737	312.6718645728769	0.01056516926207259	0.0546856	0.160183	0.6308449548810501
input/fig3ab_prs/snp//fold42.SNP.0.1.sscore	SNP	0.1	42	74523.90857142858	1129.3786346431245	435.72209620345956	0.009542807174801998	0.0560489	0.161394	0.5974842767295597
input/fig3ab_prs/snp//fold43.SNP.0.00001.sscore	SNP	1e-5	43	38	15.115181062832995	5.858442175059516	0.009878077025940932	0.0545378	0.125153	0.6104730653541154
input/fig3ab_prs/snp//fold43.SNP.0.0001.sscore	SNP	1e-4	43	214	17.77295410030351	13.548078078132932	0.1895730455076396	0.0137722	0.0874319	0.5701394585726005
input/fig3ab_prs/snp//fold43.SNP.0.001.sscore	SNP	0.001	43	1608	86.21249419682114	42.41296140396679	0.042083633707518935	0.0335128	0.105698	0.581214109926169
input/fig3ab_prs/snp//fold43.SNP.0.01.sscore	SNP	0.01	43	11437.977142857142	241.0002392797925	150.84901911966983	0.11012634832024315	0.0206847	0.0938281	0.550998085862729
input/fig3ab_prs/snp//fold43.SNP.0.05.sscore	SNP	0.05	43	43381.94285714286	859.4464315413331	333.7241269023683	0.01001473732956106	0.0540961	0.124744	0.5942028985507246
input/fig3ab_prs/snp//fold43.SNP.0.1.sscore	SNP	0.1	43	74507.93142857144	1375.303977192442	473.5241513388918	0.0036795665405774613	0.0694719	0.138971	0.6233251298878862
input/fig3ab_prs/snp//fold44.SNP.0.00001.sscore	SNP	1e-5	44	26	6.948132293051431	4.559214153235562	0.12751474250132352	0.0196824	0.23977299999999999	0.543273174733388
input/fig3ab_prs/snp//fold44.SNP.0.0001.sscore	SNP	1e-4	44	226	7.0059609871526956	15.534219951034228	0.6519882596687157	0.00169554	0.225824	0.5307629204265791
input/fig3ab_prs/snp//fold44.SNP.0.001.sscore	SNP	0.001	44	1575.9885714285715	58.95417708848227	44.98483215388094	0.190015061656594	0.0143848	0.235665	0.5616625649439432
input/fig3ab_prs/snp//fold44.SNP.0.01.sscore	SNP	0.01	44	11699.977142857142	229.24805654996686	146.24460504111198	0.11698247445506779	0.0207021	0.240564	0.5849056603773585
input/fig3ab_prs/snp//fold44.SNP.0.05.sscore	SNP	0.05	44	43557.94285714286	482.04916411070286	330.0446882648196	0.1441369839581339	0.0179431	0.238424	0.5751982499316379
input/fig3ab_prs/snp//fold44.SNP.0.1.sscore	SNP	0.1	44	74729.87428571428	424.97768217377876	459.6501120024574	0.35519078095911616	0.00717099	0.23007	0.5393765381460214
input/fig3ab_prs/snp//fold45.SNP.0.00001.sscore	SNP	1e-5	45	34	11.265210722520075	5.5474268594154115	0.04228450321778919	0.0343101	0.169592	0.5929522752497225
input/fig3ab_prs/snp//fold45.SNP.0.0001.sscore	SNP	1e-4	45	210	32.43597958401922	14.080689683054182	0.021246293689793416	0.0442754	0.178161	0.6212541620421753
input/fig3ab_prs/snp//fold45.SNP.0.001.sscore	SNP	0.001	45	1508	135.37980077158926	47.63103928368168	0.004479493465593927	0.0683979	0.198904	0.6367924528301887
input/fig3ab_prs/snp//fold45.SNP.0.01.sscore	SNP	0.01	45	11539.965517241379	299.0786798397897	152.7110555741713	0.05017591751584332	0.0318087	0.167441	0.6025249722530521
input/fig3ab_prs/snp//fold45.SNP.0.05.sscore	SNP	0.05	45	43717.942528735635	445.7288947332476	325.07408067462876	0.17032477926243345	0.0153747	0.153309	0.5602108768035516
input/fig3ab_prs/snp//fold45.SNP.0.1.sscore	SNP	0.1	45	74629.89655172414	608.343056765924	456.38476522645595	0.1825446286907869	0.0145324	0.152585	0.5631243063263041
input/fig3ab_prs/snp//fold46.SNP.0.00001.sscore	SNP	1e-5	46	46	13.75106381354305	6.318120555124702	0.02952174285258232	0.0390358	0.138125	0.5941176470588235
input/fig3ab_prs/snp//fold46.SNP.0.0001.sscore	SNP	1e-4	46	234	0.23817405899937075	14.985894736480972	0.9873195823276665	2.03742e-6	0.103116	0.5208683473389356
input/fig3ab_prs/snp//fold46.SNP.0.001.sscore	SNP	0.001	46	1582	-2.647363673811112	46.96543222499294	0.9550483740955024	2.5627e-5	0.103137	0.4969187675070028
input/fig3ab_prs/snp//fold46.SNP.0.01.sscore	SNP	0.01	46	11554	170.74221681887045	145.3546484874144	0.24013097372614028	0.0112379	0.113194	0.5560224089635855
input/fig3ab_prs/snp//fold46.SNP.0.05.sscore	SNP	0.05	46	43625.96531791907	357.61260726294825	309.1276188052933	0.2473358685654044	0.0108962	0.112887	0.5700280112044818
input/fig3ab_prs/snp//fold46.SNP.0.1.sscore	SNP	0.1	46	74475.89595375722	390.20163112451553	441.0889679137116	0.3763548785470683	0.00633599	0.108797	0.5446778711484593
input/fig3ab_prs/snp//fold47.SNP.0.00001.sscore	SNP	1e-5	47	24	7.06086258817581	4.169171311913568	0.0903434136209862	0.0230905	0.0970641	0.5741890959282263
input/fig3ab_prs/snp//fold47.SNP.0.0001.sscore	SNP	1e-4	47	196	44.081466550936206	13.970067661107155	0.0016026580938958731	0.084408	0.153738	0.659903381642512
input/fig3ab_prs/snp//fold47.SNP.0.001.sscore	SNP	0.001	47	1585.9770114942528	77.4312089240261	41.143926849055646	0.05984149850210063	0.0285673	0.102126	0.5766735679779158
input/fig3ab_prs/snp//fold47.SNP.0.01.sscore	SNP	0.01	47	11581.977011494253	243.5029519222593	127.92684143677195	0.056981234883498925	0.0292107	0.102721	0.5884057971014494
input/fig3ab_prs/snp//fold47.SNP.0.05.sscore	SNP	0.05	47	43591.93103448276	459.4625402028403	267.22710823928406	0.08554683934595549	0.0239008	0.097813	0.5947550034506556
input/fig3ab_prs/snp//fold47.SNP.0.1.sscore	SNP	0.1	47	74849.91954022988	649.3708445668216	390.1849613643764	0.09605965254782459	0.0224861	0.0965054	0.5772256728778468
input/fig3ab_prs/snp//fold48.SNP.0.00001.sscore	SNP	1e-5	48	36	6.169433865431709	5.761071983703227	0.2842220549573448	0.00998307	0.281259	0.6111425339366516
input/fig3ab_prs/snp//fold48.SNP.0.0001.sscore	SNP	1e-4	48	240	17.824257210366383	17.80401763026183	0.3167606766625955	0.00874241	0.280358	0.5671662895927602
input/fig3ab_prs/snp//fold48.SNP.0.001.sscore	SNP	0.001	48	1567.9883720930231	55.273065374496724	50.7269408983714	0.27588077752610657	0.0104198	0.281576	0.541289592760181
input/fig3ab_prs/snp//fold48.SNP.0.01.sscore	SNP	0.01	48	11571.976744186046	392.43436754556063	185.15636787443336	0.03405031027182998	0.040456399999999997	0.303382	0.6069004524886878
input/fig3ab_prs/snp//fold48.SNP.0.05.sscore	SNP	0.05	48	43543.95348837209	380.81787702995604	355.89069277186917	0.2846005453010852	0.0100082	0.281277	0.5383201357466063
input/fig3ab_prs/snp//fold48.SNP.0.1.sscore	SNP	0.1	48	74797.91860465116	627.0744004869654	474.1615286788192	0.18600467186955483	0.0153566	0.28516	0.5559954751131222
input/fig3ab_prs/snp//fold49.SNP.0.00001.sscore	SNP	1e-5	49	32	-3.486819436805405	5.647677406707234	0.5369775300179135	0.00311908	0.125661	0.4950509049773756
input/fig3ab_prs/snp//fold49.SNP.0.0001.sscore	SNP	1e-4	49	198	31.589951402744003	13.152368656884049	0.016312617049399375	0.0483206	0.165306	0.6073246606334841
input/fig3ab_prs/snp//fold49.SNP.0.001.sscore	SNP	0.001	49	1556	140.00626430147716	50.94800450855952	0.005995588887206548	0.0658757	0.180704	0.6319287330316742
input/fig3ab_prs/snp//fold49.SNP.0.01.sscore	SNP	0.01	49	11677.988372093023	443.60351597422016	159.59724365081246	0.005443952658699836	0.0656712	0.180524	0.6414027149321267
input/fig3ab_prs/snp//fold49.SNP.0.05.sscore	SNP	0.05	49	43913.96511627907	592.5522919839791	342.1124002297692	0.0832664770529645	0.0251901	0.145019	0.5945984162895928
input/fig3ab_prs/snp//fold49.SNP.0.1.sscore	SNP	0.1	49	74727.94186046511	828.4165857599496	495.1506326121388	0.09431553728435514	0.0234594	0.143501	0.5953054298642534
input/fig3ab_prs/snp//fold5.SNP.0.00001.sscore	SNP	1e-5	5	24	13.046108630833745	5.106068849291193	0.010618166094535201	0.0543522	0.152208	0.5989495798319328
input/fig3ab_prs/snp//fold5.SNP.0.0001.sscore	SNP	1e-4	5	202	31.367442315690152	14.361795313518689	0.02895569270794432	0.0395674	0.138953	0.6044817927170868
input/fig3ab_prs/snp//fold5.SNP.0.001.sscore	SNP	0.001	5	1538	76.54955307835232	47.78399398145132	0.1091574850399212	0.0209418	0.122255	0.588375350140056
input/fig3ab_prs/snp//fold5.SNP.0.01.sscore	SNP	0.01	5	11439.988439306358	421.5482934376081	155.47834808068887	0.006702015594298809	0.0627798	0.159763	0.6294117647058823
input/fig3ab_prs/snp//fold5.SNP.0.05.sscore	SNP	0.05	5	43719.97687861272	923.3101804558739	337.0685454946503	0.0061582213842000565	0.0642439	0.161076	0.6138655462184874
input/fig3ab_prs/snp//fold5.SNP.0.1.sscore	SNP	0.1	5	74435.97687861271	1138.557427039501	446.6191330685603	0.010794545297335508	0.0545551	0.15239	0.5955182072829132
input/fig3ab_prs/snp//fold50.SNP.0.00001.sscore	SNP	1e-5	50	34	4.081611612793895	5.08453350201345	0.42211898046386676	0.00517864	0.143807	0.5227645611156686
input/fig3ab_prs/snp//fold50.SNP.0.0001.sscore	SNP	1e-4	50	206	43.03104856716189	15.085332760827683	0.00433755741919229	0.0686582	0.19844	0.6207273721629751
input/fig3ab_prs/snp//fold50.SNP.0.001.sscore	SNP	0.001	50	1590	72.56972975847503	46.65814196446127	0.11986279316500245	0.0199273	0.1565	0.5555099808586274
input/fig3ab_prs/snp//fold50.SNP.0.01.sscore	SNP	0.01	50	11543.942857142858	197.1002561098966	148.40710763068572	0.18414334528508608	0.0144184	0.151759	0.5434782608695652
input/fig3ab_prs/snp//fold50.SNP.0.05.sscore	SNP	0.05	50	43659.92	649.9332260135382	324.6848988647039	0.04531320687348547	0.0331104	0.167846	0.5916051408258135
input/fig3ab_prs/snp//fold50.SNP.0.1.sscore	SNP	0.1	50	74765.90857142858	890.6359887484988	469.16973628983277	0.05765346529929887	0.0298502	0.16504	0.5901011758271808
input/fig3ab_prs/snp//fold51.SNP.0.00001.sscore	SNP	1e-5	51	40	-3.0980686902187125	5.169912532792605	0.5490063647543848	0.0028881	0.123777	0.44312277823352475
input/fig3ab_prs/snp//fold51.SNP.0.0001.sscore	SNP	1e-4	51	202	9.061408376903298	12.529175280948639	0.46954187839778755	0.00421018	0.124939	0.5545529122231337
input/fig3ab_prs/snp//fold51.SNP.0.001.sscore	SNP	0.001	51	1584	81.67098484200747	45.70138465302577	0.07392825700175631	0.0260956	0.144171	0.5995351380913317
input/fig3ab_prs/snp//fold51.SNP.0.01.sscore	SNP	0.01	51	11599.988571428572	389.48893309157444	152.45190427597754	0.010623920145963328	0.0544062	0.169049	0.6143013398960897
input/fig3ab_prs/snp//fold51.SNP.0.05.sscore	SNP	0.05	51	43289.95428571429	695.4353807335325	338.63568030497436	0.0400106614504291	0.0348194	0.151837	0.5698660103910309
input/fig3ab_prs/snp//fold51.SNP.0.1.sscore	SNP	0.1	51	74533.89714285714	1007.7798598877589	476.0379044398042	0.03425848997253754	0.0371596	0.153893	0.5829915231063714
input/fig3ab_prs/snp//fold52.SNP.0.00001.sscore	SNP	1e-5	52	24	8.720412691732832	4.370249521680363	0.04599885210886331	0.0319575	0.0903803	0.5782608695652174
input/fig3ab_prs/snp//fold52.SNP.0.0001.sscore	SNP	1e-4	52	219.97701149425288	34.70179077942033	16.196308303744292	0.03214731225962052	0.0370768	0.0951906	0.6009661835748792
input/fig3ab_prs/snp//fold52.SNP.0.001.sscore	SNP	0.001	52	1581.9770114942528	73.05048178284062	41.57292650952271	0.07888972856014305	0.0247275	0.0835866	0.568944099378882
input/fig3ab_prs/snp//fold52.SNP.0.01.sscore	SNP	0.01	52	11639.977011494253	332.25093470449224	148.99612463210156	0.02575208749055924	0.0410129	0.0988891	0.5884057971014492
input/fig3ab_prs/snp//fold52.SNP.0.05.sscore	SNP	0.05	52	43533.96551724138	406.18771223665465	295.92136404371314	0.16987037488658951	0.0150541	0.074497	0.5685300207039338
input/fig3ab_prs/snp//fold52.SNP.0.1.sscore	SNP	0.1	52	74867.94252873563	764.8922025248565	416.59348209089006	0.06634822466446068	0.0271005	0.0858164	0.5838509316770186
input/fig3ab_prs/snp//fold53.SNP.0.00001.sscore	SNP	1e-5	53	32	14.207967227836455	5.174295549976903	0.0060349808396582185	0.062686	0.120803	0.5863354037267081
input/fig3ab_prs/snp//fold53.SNP.0.0001.sscore	SNP	1e-4	53	180	33.708433401427826	13.10933175014842	0.010130839668028276	0.0543125	0.112948	0.6117322291235334
input/fig3ab_prs/snp//fold53.SNP.0.001.sscore	SNP	0.001	53	1556	118.40459872343344	45.85434787617662	0.009817576570139284	0.0548362	0.11344	0.6219461697722567
input/fig3ab_prs/snp//fold53.SNP.0.01.sscore	SNP	0.01	53	11647.988505747126	280.3286292031712	132.48178727737596	0.03434662611360644	0.0363772	0.0961251	0.5984817115251898
input/fig3ab_prs/snp//fold53.SNP.0.05.sscore	SNP	0.05	53	43619.9540229885	664.7982875363076	306.1830513443563	0.029912689909437882	0.0383367	0.0979631	0.590200138026225
input/fig3ab_prs/snp//fold53.SNP.0.1.sscore	SNP	0.1	53	74735.93103448275	886.5877217238412	409.10880418149446	0.030225733241272645	0.0381646	0.0978016	0.590200138026225
input/fig3ab_prs/snp//fold54.SNP.0.00001.sscore	SNP	1e-5	54	36	3.004315666712563	5.404436345264954	0.5782805461785281	0.00250663	0.148825	0.5281631520532741
input/fig3ab_prs/snp//fold54.SNP.0.0001.sscore	SNP	1e-4	54	218	34.51976941277616	15.54681524195205	0.02639328110375482	0.0411437	0.181795	0.5591009988901221
input/fig3ab_prs/snp//fold54.SNP.0.001.sscore	SNP	0.001	54	1494	200.81463455803234	58.2883315838101	5.706487903612791e-4	0.103579	0.235072	0.6200055493895671
input/fig3ab_prs/snp//fold54.SNP.0.01.sscore	SNP	0.01	54	11647.988505747126	296.8015820899754	148.45283151801885	0.045576023610814115	0.0336974	0.175441	0.5822697003329633
input/fig3ab_prs/snp//fold54.SNP.0.05.sscore	SNP	0.05	54	43631.9540229885	609.1705424717478	351.1222768527869	0.08275422847790677	0.0254773	0.168426	0.5760266370699223
input/fig3ab_prs/snp//fold54.SNP.0.1.sscore	SNP	0.1	54	74731.93103448275	1068.7413179813364	506.4627601425381	0.03484052028864632	0.0382684	0.179341	0.6132075471698113
input/fig3ab_prs/snp//fold55.SNP.0.00001.sscore	SNP	1e-5	55	30	4.597595678205317	5.385114598344263	0.3932379572254404	0.00613939	0.222639	0.5514705882352942
input/fig3ab_prs/snp//fold55.SNP.0.0001.sscore	SNP	1e-4	55	228	45.127078936229424	17.535935369917386	0.010070303719400488	0.0579995	0.263202	0.6087680355160933
input/fig3ab_prs/snp//fold55.SNP.0.001.sscore	SNP	0.001	55	1521.9770114942528	16.458042559306687	46.36551040693708	0.7226172797848343	0.00105331	0.21866	0.5209489456159823
input/fig3ab_prs/snp//fold55.SNP.0.01.sscore	SNP	0.01	55	11523.942528735632	481.2126922537384	165.58958967094162	0.0036601543101020284	0.0767734	0.277886	0.6254162042175361
input/fig3ab_prs/snp//fold55.SNP.0.05.sscore	SNP	0.05	55	43333.93103448276	711.268222542793	341.30004537436633	0.03716045297385356	0.0378992	0.24748	0.5971143174250833
input/fig3ab_prs/snp//fold55.SNP.0.1.sscore	SNP	0.1	55	74681.89655172414	1432.836225200605	500.33220744829873	0.00418632234374246	0.0738141	0.275571	0.6313817980022197
input/fig3ab_prs/snp//fold56.SNP.0.00001.sscore	SNP	1e-5	56	26	5.664572375441047	4.665612236894014	0.22470523882624063	0.0117838	0.0936707	0.5606371342630572
input/fig3ab_prs/snp//fold56.SNP.0.0001.sscore	SNP	1e-4	56	210	47.5573927603085	16.933359461955444	0.004977240124463239	0.0674616	0.144735	0.6406890894175554
input/fig3ab_prs/snp//fold56.SNP.0.001.sscore	SNP	0.001	56	1588	80.48385245885152	46.08599843097625	0.08074424010862595	0.0245741	0.105401	0.5622094613070823
input/fig3ab_prs/snp//fold56.SNP.0.01.sscore	SNP	0.01	56	11535.965714285714	463.99608256559117	153.4764447506982	0.0025008406075664067	0.0764649	0.152992	0.6130708230790265
input/fig3ab_prs/snp//fold56.SNP.0.05.sscore	SNP	0.05	56	43401.94285714286	929.533772693039	329.5693627786879	0.0047956408277718115	0.0664939	0.143847	0.5993984140005469
input/fig3ab_prs/snp//fold56.SNP.0.1.sscore	SNP	0.1	56	74713.92	997.1615200655457	433.53094400912204	0.021442947797236756	0.043325	0.122598	0.5884604867377632
input/fig3ab_prs/snp//fold57.SNP.0.00001.sscore	SNP	1e-5	57	34	8.492945328347668	5.499843378980445	0.12253604988836049	0.0196764	0.165595	0.5736597720557197
input/fig3ab_prs/snp//fold57.SNP.0.0001.sscore	SNP	1e-4	57	228	40.08993984860164	17.015000557863758	0.01846532438188934	0.0471852	0.189009	0.6137610806247362
input/fig3ab_prs/snp//fold57.SNP.0.001.sscore	SNP	0.001	57	1609.9883720930231	130.45588704127348	46.493141394264256	0.005017364375214749	0.0674289	0.20624	0.6206556915716899
input/fig3ab_prs/snp//fold57.SNP.0.01.sscore	SNP	0.01	57	11529.988372093023	477.6555589573968	153.40377359403004	0.0018474814518274346	0.0854841	0.221608	0.656957928802589
input/fig3ab_prs/snp//fold57.SNP.0.05.sscore	SNP	0.05	57	43579.941860465115	936.4207378000623	353.73825561829955	0.008115806112904496	0.0607347	0.200542	0.5870268749120585
input/fig3ab_prs/snp//fold57.SNP.0.1.sscore	SNP	0.1	57	74431.91860465116	1065.7922376119484	485.51613714013007	0.02815114268178483	0.0413615	0.184052	0.5829463908822288
input/fig3ab_prs/snp//fold58.SNP.0.00001.sscore	SNP	1e-5	58	34	4.666072715812182	5.070684086726639	0.35746524362406756	0.00701644	0.164017	0.550817341862118
input/fig3ab_prs/snp//fold58.SNP.0.0001.sscore	SNP	1e-4	58	208	33.41212427363076	15.074880493693035	0.02666339733057336	0.0424879	0.19388	0.6277185501066098
input/fig3ab_prs/snp//fold58.SNP.0.001.sscore	SNP	0.001	58	1530	82.8088650787055	47.693026372766816	0.08251279166082934	0.0254306	0.179519	0.5773987206823028
input/fig3ab_prs/snp//fold58.SNP.0.01.sscore	SNP	0.01	58	11424	354.9167760366347	163.02388909551192	0.02947426608358529	0.0407749	0.192438	0.577683013503909
input/fig3ab_prs/snp//fold58.SNP.0.05.sscore	SNP	0.05	58	43817.976744186046	761.5527821770306	336.0179954694946	0.023426612827177225	0.0443386	0.195438	0.5968727789623312
input/fig3ab_prs/snp//fold58.SNP.0.1.sscore	SNP	0.1	58	74479.91860465116	949.1564764178707	442.3523432221002	0.03189673105033319	0.0394242	0.191301	0.5870646766169154
input/fig3ab_prs/snp//fold59.SNP.0.00001.sscore	SNP	1e-5	59	42	-0.2610688495604078	6.350554772984275	0.9672085109539552	1.42297e-5	0.222832	0.5120448179271708
input/fig3ab_prs/snp//fold59.SNP.0.0001.sscore	SNP	1e-4	59	206	20.700038326589105	15.081839043994036	0.1699034198544598	0.0161385	0.235364	0.5675070028011204
input/fig3ab_prs/snp//fold59.SNP.0.001.sscore	SNP	0.001	59	1601.9884393063585	139.15789058035114	57.73766049247512	0.01594485160688438	0.0516506	0.262963	0.5928571428571429
input/fig3ab_prs/snp//fold59.SNP.0.01.sscore	SNP	0.01	59	11647.988439306358	513.9976579565737	171.31361217384526	0.002696857607493547	0.0817257	0.286337	0.6296918767507003
input/fig3ab_prs/snp//fold59.SNP.0.05.sscore	SNP	0.05	59	43531.97687861272	817.552080487602	341.19770727280047	0.016569475121280524	0.0503796	0.261975	0.5889355742296919
input/fig3ab_prs/snp//fold59.SNP.0.1.sscore	SNP	0.1	59	74569.93063583814	912.9940333629899	441.36381902827185	0.03858601329038671	0.0369341	0.251526	0.5813725490196079
input/fig3ab_prs/snp//fold6.SNP.0.00001.sscore	SNP	1e-5	6	30	13.265359258123093	5.438520029188631	0.01472190744566893	0.0502279	0.170107	0.5797101449275363
input/fig3ab_prs/snp//fold6.SNP.0.0001.sscore	SNP	1e-4	6	226	51.57289807252139	17.68786241853109	0.0035486599791141925	0.0720613	0.189185	0.6285206453377085
input/fig3ab_prs/snp//fold6.SNP.0.001.sscore	SNP	0.001	6	1585.9771428571428	99.32397678472638	50.56565120165167	0.0495001982934237	0.0318548	0.154053	0.5741044572053596
input/fig3ab_prs/snp//fold6.SNP.0.01.sscore	SNP	0.01	6	11555.977142857142	537.0344217765851	160.5112554683283	8.205317722035787e-4	0.0957105	0.209849	0.6294777139732021
input/fig3ab_prs/snp//fold6.SNP.0.05.sscore	SNP	0.05	6	43713.94285714286	1008.5480519453133	335.6940665256966	0.002661344094176627	0.0768128	0.193337	0.6155318567131529
input/fig3ab_prs/snp//fold6.SNP.0.1.sscore	SNP	0.1	6	74523.90857142858	1983.9837317614831	527.309327026613	1.6824578161147725e-4	0.12465	0.235136	0.6475252939567951
input/fig3ab_prs/snp//fold60.SNP.0.00001.sscore	SNP	1e-5	60	34	8.825476953056786	5.628390069267338	0.11687444332252822	0.0209427	0.253928	0.5694558381186765
input/fig3ab_prs/snp//fold60.SNP.0.0001.sscore	SNP	1e-4	60	198	32.18795540990748	14.899479338607227	0.03074628476291224	0.0398189	0.268312	0.6144380639868745
input/fig3ab_prs/snp//fold60.SNP.0.001.sscore	SNP	0.001	60	1545.9885714285715	101.10725643789951	50.74730056992277	0.04633078494786339	0.0337066	0.263655	0.601312551271534
input/fig3ab_prs/snp//fold60.SNP.0.01.sscore	SNP	0.01	60	11541.988571428572	526.3376399929197	163.91300170814787	0.001322374568969317	0.0935213	0.309235	0.7018047579983593
input/fig3ab_prs/snp//fold60.SNP.0.05.sscore	SNP	0.05	60	43947.95428571429	771.4217702152066	380.08904007082185	0.04239907390992822	0.0355244	0.26504	0.6367240907847963
input/fig3ab_prs/snp//fold60.SNP.0.1.sscore	SNP	0.1	60	74933.93142857144	730.856565921992	518.4393345604633	0.15862108499846775	0.016824	0.25079	0.6063713426305715
input/fig3ab_prs/snp//fold61.SNP.0.00001.sscore	SNP	1e-5	61	34	12.817185973346477	5.709901605787548	0.02478548732529964	0.0412561	0.148482	0.6086956521739131
input/fig3ab_prs/snp//fold61.SNP.0.0001.sscore	SNP	1e-4	61	196	35.22363487651661	15.18613352199866	0.02037008755345644	0.0440874	0.150996	0.6149849603500137
input/fig3ab_prs/snp//fold61.SNP.0.001.sscore	SNP	0.001	61	1557.9771428571428	115.76448524094415	44.85754365523868	0.009859626238551288	0.0544285	0.160181	0.6192234071643423
input/fig3ab_prs/snp//fold61.SNP.0.01.sscore	SNP	0.01	61	11647.965714285714	270.971539470432	133.900404815045	0.0430031121302303	0.0334861	0.141581	0.5741044572053596
input/fig3ab_prs/snp//fold61.SNP.0.05.sscore	SNP	0.05	61	43651.95428571429	267.59173645361875	304.0126628081692	0.378751346480092	0.00621729	0.117362	0.5263877495214657
input/fig3ab_prs/snp//fold61.SNP.0.1.sscore	SNP	0.1	61	74589.90857142858	544.2490699576394	430.88032021103203	0.20654979355567735	0.0129157	0.123311	0.5202351654361499
input/fig3ab_prs/snp//fold62.SNP.0.00001.sscore	SNP	1e-5	62	28	9.616315000981178	4.929043718099882	0.05106306250073425	0.0316602	0.232026	0.5868197976483457
input/fig3ab_prs/snp//fold62.SNP.0.0001.sscore	SNP	1e-4	62	224	29.514822432169076	14.765016245448189	0.045611615235475814	0.033689	0.233635	0.5749248017500683
input/fig3ab_prs/snp//fold62.SNP.0.001.sscore	SNP	0.001	62	1595.9885714285715	92.9153905422381	46.86775071458159	0.0474231290555355	0.0334297	0.233429	0.5838118676510802
input/fig3ab_prs/snp//fold62.SNP.0.01.sscore	SNP	0.01	62	11715.977142857142	376.13443773368516	160.18390546127375	0.018867364248303344	0.0473534	0.244472	0.5850423844681433
input/fig3ab_prs/snp//fold62.SNP.0.05.sscore	SNP	0.05	62	43851.94285714286	598.1894720844864	355.1417720861669	0.09211055170181302	0.0240226	0.225969	0.5756084222039923
input/fig3ab_prs/snp//fold62.SNP.0.1.sscore	SNP	0.1	62	75039.94285714286	728.0094672256413	493.2155079002859	0.13993116846619022	0.0184711	0.221566	0.5548263604047033
input/fig3ab_prs/snp//fold63.SNP.0.00001.sscore	SNP	1e-5	63	32	4.252878599126885	5.223015849702045	0.41549758613523413	0.00530026	0.108092	0.5434782608695652
input/fig3ab_prs/snp//fold63.SNP.0.0001.sscore	SNP	1e-4	63	208	29.367727225788443	14.686735538363054	0.04554251118407723	0.0325305	0.132508	0.5533223954060705
input/fig3ab_prs/snp//fold63.SNP.0.001.sscore	SNP	0.001	63	1572	146.69359845584387	48.10590351751672	0.0022930758429888613	0.0796646	0.174771	0.6211375444353295
input/fig3ab_prs/snp//fold63.SNP.0.01.sscore	SNP	0.01	63	11583.954285714286	485.54235947726767	157.0294725900432	0.001987820136090179	0.0833218	0.17805	0.6210008203445447
input/fig3ab_prs/snp//fold63.SNP.0.05.sscore	SNP	0.05	63	43507.92	678.8331273875344	336.156039426022	0.04344577852889459	0.0337837	0.133632	0.5549630844954881
input/fig3ab_prs/snp//fold63.SNP.0.1.sscore	SNP	0.1	63	74963.84	744.827807107463	437.44042729045367	0.08862508455198678	0.023592	0.124493	0.5594749794913864
input/fig3ab_prs/snp//fold64.SNP.0.00001.sscore	SNP	1e-5	64	36	5.639167858257524	5.095772483603556	0.2684511170682782	0.010006	0.114934	0.5591036414565826
input/fig3ab_prs/snp//fold64.SNP.0.0001.sscore	SNP	1e-4	64	212	21.36545796590727	14.400710031430592	0.1379046630115301	0.0181926	0.122253	0.5815126050420169
input/fig3ab_prs/snp//fold64.SNP.0.001.sscore	SNP	0.001	64	1546	103.43267376733967	46.20431048534565	0.025182371015962265	0.0421104	0.143636	0.5852941176470589
input/fig3ab_prs/snp//fold64.SNP.0.01.sscore	SNP	0.01	64	11627.976878612717	229.52920800376813	142.379725733163	0.10694193480862109	0.0213055	0.125036	0.5788515406162466
input/fig3ab_prs/snp//fold64.SNP.0.05.sscore	SNP	0.05	64	43433.90751445087	420.6459370620067	326.4905521926274	0.19761154392572683	0.0134717	0.118033	0.5739495798319327
input/fig3ab_prs/snp//fold64.SNP.0.1.sscore	SNP	0.1	64	74555.87283236995	1173.140921471344	480.6230520583435	0.014651714329035762	0.0493565	0.150114	0.6040616246498599
input/fig3ab_prs/snp//fold65.SNP.0.00001.sscore	SNP	1e-5	65	26	8.77983048356944	4.5571274242829745	0.054027616095190946	0.0306667	0.169653	0.5690131124913733
input/fig3ab_prs/snp//fold65.SNP.0.0001.sscore	SNP	1e-4	65	238	46.012586168572454	15.561874860482984	0.003108992603787566	0.0759602	0.208452	0.629951690821256
input/fig3ab_prs/snp//fold65.SNP.0.001.sscore	SNP	0.001	65	1535.9770114942528	152.0176381220359	50.9663143915463	0.002857103541616076	0.0758322	0.208343	0.6150448585231194
input/fig3ab_prs/snp//fold65.SNP.0.01.sscore	SNP	0.01	65	11815.977011494253	418.87800466847074	152.77849925434586	0.006111581339088023	0.0643207	0.198482	0.6027605244996549
input/fig3ab_prs/snp//fold65.SNP.0.05.sscore	SNP	0.05	65	43655.9540229885	769.7977614776853	346.32601609792874	0.02623234882892387	0.0418808	0.179259	0.565631469979296
input/fig3ab_prs/snp//fold65.SNP.0.1.sscore	SNP	0.1	65	74519.93103448275	902.7452627019985	478.6272325763692	0.059279667715294165	0.0297016	0.168826	0.5537612146307799
input/fig3ab_prs/snp//fold66.SNP.0.00001.sscore	SNP	1e-5	66	22	5.188337599547528	4.056836947900277	0.20092803383458022	0.0131876	0.129519	0.5666529942575882
input/fig3ab_prs/snp//fold66.SNP.0.0001.sscore	SNP	1e-4	66	206	38.52536588761911	14.491743671666672	0.00785043750163873	0.058662	0.169633	0.6267432321575062
input/fig3ab_prs/snp//fold66.SNP.0.001.sscore	SNP	0.001	66	1528	125.48279279763088	50.83289144633317	0.013566722668015032	0.0516006	0.163404	0.6155318567131529
input/fig3ab_prs/snp//fold66.SNP.0.01.sscore	SNP	0.01	66	11309.988571428572	431.75138698566394	142.74353979127227	0.002489086696343302	0.0780055	0.186696	0.6421930544161881
input/fig3ab_prs/snp//fold66.SNP.0.05.sscore	SNP	0.05	66	43557.94285714286	871.2492783777363	331.09324176559767	0.008502593559402478	0.0594133	0.170295	0.6082854799015587
input/fig3ab_prs/snp//fold66.SNP.0.1.sscore	SNP	0.1	66	74795.92	1130.6766693265524	470.15689635600376	0.016177235457030127	0.0489345	0.161052	0.5911949685534591
input/fig3ab_prs/snp//fold67.SNP.0.00001.sscore	SNP	1e-5	67	32	4.37134964654698	5.240079993514704	0.4041602361915038	0.00551359	0.0530739	0.5241778149386845
input/fig3ab_prs/snp//fold67.SNP.0.0001.sscore	SNP	1e-4	67	232	23.14993387899448	13.80534858930626	0.09356565320012682	0.0226489	0.0693897	0.5809643255295429
input/fig3ab_prs/snp//fold67.SNP.0.001.sscore	SNP	0.001	67	1621.9768786127167	82.64799673214306	45.31136872285325	0.06815187144405356	0.0270035	0.0735361	0.5607580824972129
input/fig3ab_prs/snp//fold67.SNP.0.01.sscore	SNP	0.01	67	11609.976878612717	183.0701562481602	138.3791784226404	0.18584858810882565	0.013939	0.0610964	0.5391583054626533
input/fig3ab_prs/snp//fold67.SNP.0.05.sscore	SNP	0.05	67	43391.919075144506	581.0729565358866	278.3304215596093	0.036824082618441	0.0352018	0.0813423	0.5815217391304348
input/fig3ab_prs/snp//fold67.SNP.0.1.sscore	SNP	0.1	67	74813.90751445087	671.8228800570807	398.9816088555509	0.09221177672796312	0.0227751	0.0695099	0.5554626532887402
input/fig3ab_prs/snp//fold68.SNP.0.00001.sscore	SNP	1e-5	68	46	2.623854564021069	6.367956502717076	0.6803099017086542	0.00137083	0.0688336	0.5169345579793341
input/fig3ab_prs/snp//fold68.SNP.0.0001.sscore	SNP	1e-4	68	220	1.6332154170977031	14.011360906826665	0.9072058416685953	1.09782e-4	0.0676578	0.5202353616532721
input/fig3ab_prs/snp//fold68.SNP.0.001.sscore	SNP	0.001	68	1570	15.929030286418945	41.522909088028904	0.7012599018251962	0.00118894	0.068664	0.505166475315729
input/fig3ab_prs/snp//fold68.SNP.0.01.sscore	SNP	0.01	68	11632	275.0710471605717	143.26820805593866	0.054861348802729304	0.0305221	0.0960156	0.5816590126291619
input/fig3ab_prs/snp//fold68.SNP.0.05.sscore	SNP	0.05	68	43539.9649122807	303.42718915915606	288.3905345651658	0.29273536686335316	0.00899802	0.0759456	0.5434845005740528
input/fig3ab_prs/snp//fold68.SNP.0.1.sscore	SNP	0.1	68	74949.88304093567	621.0299676837714	397.00376942989686	0.11774892297666806	0.020117	0.0863134	0.5470723306544202
input/fig3ab_prs/snp//fold69.SNP.0.00001.sscore	SNP	1e-5	69	34	9.959635784549825	5.455227594238943	0.06789472373684192	0.0286563	0.231535	0.574271499644634
input/fig3ab_prs/snp//fold69.SNP.0.0001.sscore	SNP	1e-4	69	220	35.303125901840545	15.960750842498639	0.026975562332610614	0.0428981	0.242802	0.5862117981520967
input/fig3ab_prs/snp//fold69.SNP.0.001.sscore	SNP	0.001	69	1616	58.67327861684111	48.42223424067094	0.2256267853024918	0.0125228	0.218771	0.5759772565742715
input/fig3ab_prs/snp//fold69.SNP.0.01.sscore	SNP	0.01	69	11697.976744186046	191.46208375188672	147.0041623309333	0.19277070494528967	0.0145425	0.220369	0.5835110163468372
input/fig3ab_prs/snp//fold69.SNP.0.05.sscore	SNP	0.05	69	43597.93023255814	621.0373845820985	331.2307706810338	0.06080115970432626	0.0303114	0.232844	0.5997157071783937
input/fig3ab_prs/snp//fold69.SNP.0.1.sscore	SNP	0.1	69	74577.8953488372	854.9069432520396	478.47143198625474	0.07397854186315492	0.0276845	0.230766	0.5755508173418621
input/fig3ab_prs/snp//fold7.SNP.0.00001.sscore	SNP	1e-5	7	40	10.473299207049363	6.490081785273328	0.10658401343657384	0.0216469	0.13707	0.577310924369748
input/fig3ab_prs/snp//fold7.SNP.0.0001.sscore	SNP	1e-4	7	252	18.214722980670054	15.328896364495876	0.23473077093751984	0.0115293	0.128146	0.5694677871148459
input/fig3ab_prs/snp//fold7.SNP.0.001.sscore	SNP	0.001	7	1578	38.437500263985235	43.9845566389568	0.38218019102602413	0.00623585	0.123477	0.5350140056022409
input/fig3ab_prs/snp//fold7.SNP.0.01.sscore	SNP	0.01	7	11649.988439306358	-15.830484558701844	154.2768264007737	0.9182717887162796	8.53166e-5	0.118052	0.48515406162464986
input/fig3ab_prs/snp//fold7.SNP.0.05.sscore	SNP	0.05	7	43443.96531791907	174.90604519307814	343.1018692466339	0.6102064682303721	0.00210915	0.119837	0.5277310924369748
input/fig3ab_prs/snp//fold7.SNP.0.1.sscore	SNP	0.1	7	74681.94219653179	328.7268341366741	461.49824280307075	0.4762768296150303	0.00412796	0.121618	0.514985994397759
input/fig3ab_prs/snp//fold70.SNP.0.00001.sscore	SNP	1e-5	70	26	-2.053824611644613	4.508671926458425	0.6487296985881699	0.00168604	0.153617	0.46622914957615536
input/fig3ab_prs/snp//fold70.SNP.0.0001.sscore	SNP	1e-4	70	218	23.96090421883405	14.332748927174656	0.0945718242881019	0.0230809	0.171756	0.5750615258408531
input/fig3ab_prs/snp//fold70.SNP.0.001.sscore	SNP	0.001	70	1684	15.186619620076451	52.22801875042918	0.7712231508887253	6.86123e-4	0.152769	0.49917965545529125
input/fig3ab_prs/snp//fold70.SNP.0.01.sscore	SNP	0.01	70	11593.988571428572	89.04692065870634	137.29527733870825	0.5166101231939642	0.00343153	0.155097	0.5046486190866831
input/fig3ab_prs/snp//fold70.SNP.0.05.sscore	SNP	0.05	70	43451.98857142857	412.357748187532	294.4466539220313	0.1613786756073565	0.0162499	0.165965	0.5484003281378179
input/fig3ab_prs/snp//fold70.SNP.0.1.sscore	SNP	0.1	70	74467.93142857144	776.8767511143244	439.9484850631172	0.07742341342994549	0.0262305	0.174426	0.5728739403882964
input/fig3ab_prs/snp//fold71.SNP.0.00001.sscore	SNP	1e-5	71	32	15.64485362799514	5.863081564355085	0.007622093911702719	0.0626981	0.243282	0.5906162464985995
input/fig3ab_prs/snp//fold71.SNP.0.0001.sscore	SNP	1e-4	71	192	36.05002383187226	15.137071600417942	0.01723892676189339	0.0490272	0.232245	0.5739495798319327
input/fig3ab_prs/snp//fold71.SNP.0.001.sscore	SNP	0.001	71	1638	90.02640143617059	53.815391391155906	0.09435198471010892	0.0235768	0.211698	0.5826330532212886
input/fig3ab_prs/snp//fold71.SNP.0.01.sscore	SNP	0.01	71	11501.988439306358	266.3478018206238	160.89427380100722	0.09783907596161216	0.0231357	0.211341	0.565406162464986
input/fig3ab_prs/snp//fold71.SNP.0.05.sscore	SNP	0.05	71	43713.953757225434	682.5665745924406	345.7879654656663	0.04838794814031712	0.0333647	0.2196	0.5599439775910364
input/fig3ab_prs/snp//fold71.SNP.0.1.sscore	SNP	0.1	71	74789.95375722543	847.9534708408258	494.4179239930722	0.0863353148406077	0.0252992	0.213088	0.5549019607843138
input/fig3ab_prs/snp//fold72.SNP.0.00001.sscore	SNP	1e-5	72	32	13.31449993445469	5.580181671299577	0.017031203466015724	0.0474191	0.161771	0.5989178690344062
input/fig3ab_prs/snp//fold72.SNP.0.0001.sscore	SNP	1e-4	72	200	57.318013999698	15.527912990617768	2.231204701123483e-4	0.121311	0.226793	0.6956159822419534
input/fig3ab_prs/snp//fold72.SNP.0.001.sscore	SNP	0.001	72	1571.9885057471265	193.9991155560661	53.199515250966854	2.6569883392928357e-4	0.119479	0.225181	0.6678690344062154
input/fig3ab_prs/snp//fold72.SNP.0.01.sscore	SNP	0.01	72	11509.988505747126	520.6208888935537	163.5368688577355	0.0014550221981944917	0.0874862	0.197029	0.6177857935627081
input/fig3ab_prs/snp//fold72.SNP.0.05.sscore	SNP	0.05	72	43675.9540229885	817.7950129077584	340.7523183832991	0.01639645876988318	0.0480726	0.162346	0.5930910099889013
input/fig3ab_prs/snp//fold72.SNP.0.1.sscore	SNP	0.1	72	74789.94252873563	1281.3755591193428	507.55984028814817	0.011583654716355361	0.0533007	0.166947	0.5882352941176471
input/fig3ab_prs/snp//fold73.SNP.0.00001.sscore	SNP	1e-5	73	28	15.030106974127856	5.7718786141630956	0.009213646592792753	0.0583896	0.236688	0.6125922887612797
input/fig3ab_prs/snp//fold73.SNP.0.0001.sscore	SNP	1e-4	73	194	40.4687047244996	14.578341623441592	0.005504116816593003	0.0662711	0.243077	0.5995351380913317
input/fig3ab_prs/snp//fold73.SNP.0.001.sscore	SNP	0.001	73	1521.9885714285715	136.45380937837055	46.032326526122496	0.0030336843498969357	0.0756407	0.250672	0.6011758271807492
input/fig3ab_prs/snp//fold73.SNP.0.01.sscore	SNP	0.01	73	11449.977142857142	651.4657143629543	159.86293188573404	4.598434112442134e-5	0.152248	0.312774	0.6767842493847416
input/fig3ab_prs/snp//fold73.SNP.0.05.sscore	SNP	0.05	73	43725.96571428572	958.395680831986	317.26868231455256	0.0025213289823296232	0.0794907	0.253793	0.6245556467049495
input/fig3ab_prs/snp//fold73.SNP.0.1.sscore	SNP	0.1	73	74407.94285714286	1567.5161730104098	464.9448126982243	7.478646511345149e-4	0.100823	0.271086	0.6371342630571507
input/fig3ab_prs/snp//fold74.SNP.0.00001.sscore	SNP	1e-5	74	50	7.405382670449665	6.359524737881377	0.24423952371349353	0.0108948	0.111608	0.5555099808586272
input/fig3ab_prs/snp//fold74.SNP.0.0001.sscore	SNP	1e-4	74	226	16.254614361080737	15.275058787256784	0.2872708188157903	0.00910171	0.109998	0.5527754990429313
input/fig3ab_prs/snp//fold74.SNP.0.001.sscore	SNP	0.001	74	1541.9657142857143	17.880086125467013	46.81663008875521	0.7025226258302211	0.0011609	0.102865	0.5401968826907301
input/fig3ab_prs/snp//fold74.SNP.0.01.sscore	SNP	0.01	74	11601.954285714286	261.5312343246747	150.52082536050037	0.08229743058654851	0.024414	0.123751	0.5783429040196882
input/fig3ab_prs/snp//fold74.SNP.0.05.sscore	SNP	0.05	74	44011.93142857143	147.7513882344877	311.1508127582466	0.6348906277412405	0.00179474	0.103435	0.5401968826907301
input/fig3ab_prs/snp//fold74.SNP.0.1.sscore	SNP	0.1	74	74839.92	178.12242281027403	421.31356800708784	0.6724566945302886	0.00142141	0.103099	0.5451189499589828
input/fig3ab_prs/snp//fold75.SNP.0.00001.sscore	SNP	1e-5	75	28	11.49300757049921	4.750422443112686	0.015547614657010688	0.0474989	0.0772373	0.6002070393374741
input/fig3ab_prs/snp//fold75.SNP.0.0001.sscore	SNP	1e-4	75	218	25.039466784961142	13.762706185613338	0.06885486714493795	0.0265413	0.056934	0.5835748792270531
input/fig3ab_prs/snp//fold75.SNP.0.001.sscore	SNP	0.001	75	1616	65.69863133955282	44.31349834618321	0.1381840845721903	0.0174685	0.0481445	0.5733609385783299
input/fig3ab_prs/snp//fold75.SNP.0.01.sscore	SNP	0.01	75	11579.965517241379	230.82219932259844	131.9758091362022	0.08029559170401765	0.0244279	0.0548865	0.5725327812284334
input/fig3ab_prs/snp//fold75.SNP.0.05.sscore	SNP	0.05	75	43411.91954022989	711.5359898065733	295.3317384820421	0.015984157364057196	0.046982	0.0767365	0.5962732919254659
input/fig3ab_prs/snp//fold75.SNP.0.1.sscore	SNP	0.1	75	74711.89655172414	920.5253104413265	398.0109482962087	0.020732865364422454	0.0431018	0.0729774	0.5983436853002071
input/fig3ab_prs/snp//fold76.SNP.0.00001.sscore	SNP	1e-5	76	38	13.542755072975432	6.229566942546511	0.02970903488706614	0.0394683	0.185682	0.6166256494394312
input/fig3ab_prs/snp//fold76.SNP.0.0001.sscore	SNP	1e-4	76	200	27.307301721337364	16.03307697176563	0.08853338847280816	0.0240222	0.172587	0.5771123872026251
input/fig3ab_prs/snp//fold76.SNP.0.001.sscore	SNP	0.001	76	1600	110.8747092839909	46.42296627146194	0.01692380099418832	0.0479026	0.192833	0.5936560021875855
input/fig3ab_prs/snp//fold76.SNP.0.01.sscore	SNP	0.01	76	11519.988571428572	314.2132832250822	138.78912397667276	0.02357646069204836	0.043382	0.189	0.5876401421930544
input/fig3ab_prs/snp//fold76.SNP.0.05.sscore	SNP	0.05	76	43455.95428571429	739.7762573022696	309.29497392157856	0.016765305458222277	0.0482869	0.193159	0.6118403062619634
input/fig3ab_prs/snp//fold76.SNP.0.1.sscore	SNP	0.1	76	74579.95428571428	766.2428954020752	423.0223667292531	0.07008620359629186	0.027277	0.175347	0.589280831282472
input/fig3ab_prs/snp//fold77.SNP.0.00001.sscore	SNP	1e-5	77	40	1.0842091772599722	5.8605110062083705	0.8532270760669848	2.7756e-4	0.143461	0.5129054520358868
input/fig3ab_prs/snp//fold77.SNP.0.0001.sscore	SNP	1e-4	77	220	7.110519509422802	15.145451941911382	0.6387250328712695	0.00178898	0.144756	0.5187025534851621
input/fig3ab_prs/snp//fold77.SNP.0.001.sscore	SNP	0.001	77	1590	70.19896003204362	47.02880307138357	0.1355209361860581	0.0182384	0.158849	0.5786059351276742
input/fig3ab_prs/snp//fold77.SNP.0.01.sscore	SNP	0.01	77	11614	382.7359802183959	157.2710959737546	0.014949231993325571	0.0494739	0.185611	0.622912353347136
input/fig3ab_prs/snp//fold77.SNP.0.05.sscore	SNP	0.05	77	43615.96551724138	518.4439777692638	326.0227822116941	0.11178796840281838	0.0206636	0.160927	0.558040027605245
input/fig3ab_prs/snp//fold77.SNP.0.1.sscore	SNP	0.1	77	74857.88505747127	986.6497949053991	446.68887047088236	0.027188022627277576	0.0404914	0.177915	0.5663216011042098
input/fig3ab_prs/snp//fold78.SNP.0.00001.sscore	SNP	1e-5	78	40	8.585482161634019	6.458677785193914	0.18375096574403296	0.0150592	0.225916	0.577353616532721
input/fig3ab_prs/snp//fold78.SNP.0.0001.sscore	SNP	1e-4	78	228	34.72212413711216	16.083454614202335	0.030860077900800142	0.0418406	0.246964	0.5730482204362801
input/fig3ab_prs/snp//fold78.SNP.0.001.sscore	SNP	0.001	78	1557.9883040935672	110.63183511319676	51.68082585177248	0.032300282111962154	0.0404652	0.245883	0.596727898966705
input/fig3ab_prs/snp//fold78.SNP.0.01.sscore	SNP	0.01	78	11539.91812865497	594.6120818703569	182.79118771767804	0.001142103209195284	0.0960681	0.289583	0.65886911595866815
input/fig3ab_prs/snp//fold78.SNP.0.05.sscore	SNP	0.05	78	43689.90643274854	863.934136991319	370.1368141646556	0.01959079759799088	0.0485097	0.252206	0.6087830080367393
input/fig3ab_prs/snp//fold78.SNP.0.1.sscore	SNP	0.1	78	74795.88304093567	1220.8583561519679	515.832045737351	0.017943841100758553	0.0496461	0.253099	0.6011768082663606
input/fig3ab_prs/snp//fold79.SNP.0.00001.sscore	SNP	1e-5	79	20	3.716438473488401	3.928649758569406	0.3441569210018011	0.00725103	0.078458	0.5271493212669683
input/fig3ab_prs/snp//fold79.SNP.0.0001.sscore	SNP	1e-4	79	206	54.90091597117564	15.525695648079843	4.060310887649688e-4	0.109173	0.17307	0.660774886877828
input/fig3ab_prs/snp//fold79.SNP.0.001.sscore	SNP	0.001	79	1495.9883720930231	168.41565070030646	45.53997444114591	2.1713908929047606e-4	0.121813	0.184802	0.6610576923076923
input/fig3ab_prs/snp//fold79.SNP.0.01.sscore	SNP	0.01	79	11509.988372093023	493.2555363121445	158.01088492585447	0.0017983729083898981	0.0829294	0.148708	0.6242929864253394
input/fig3ab_prs/snp//fold79.SNP.0.05.sscore	SNP	0.05	79	43561.88372093023	1046.3674764661719	333.09728440291184	0.0016818416580144284	0.0850972	0.15072	0.6310803167420814
input/fig3ab_prs/snp//fold79.SNP.0.1.sscore	SNP	0.1	79	74827.8488372093	981.1185321988314	433.7414802224724	0.02369807223129242	0.0424181	0.111103	0.5977799773755657
input/fig3ab_prs/snp//fold8.SNP.0.00001.sscore	SNP	1e-5	8	38	2.9098410802519807	6.229873439416144	0.6404435850443456	0.00188008	0.274053	0.5181372549019608
input/fig3ab_prs/snp//fold8.SNP.0.0001.sscore	SNP	1e-4	8	202	30.809328276459677	14.601397021640993	0.03485611097776084	0.039852	0.30167	0.6072829131652661
input/fig3ab_prs/snp//fold8.SNP.0.001.sscore	SNP	0.001	8	1644	-19.949805325323208	49.167685330911844	0.6849260459954503	0.00141853	0.273717	0.5054621848739496
input/fig3ab_prs/snp//fold8.SNP.0.01.sscore	SNP	0.01	8	11675.988439306358	179.04645271799612	156.58772349067922	0.2528618198656121	0.0113366	0.280931	0.5711484593837535
input/fig3ab_prs/snp//fold8.SNP.0.05.sscore	SNP	0.05	8	43773.96531791907	340.53488894151474	346.72376061091876	0.3260257464488696	0.00837638	0.278778	0.6042016806722689
input/fig3ab_prs/snp//fold8.SNP.0.1.sscore	SNP	0.1	8	74601.94219653179	371.041677300644	481.6038571310003	0.44104533420793796	0.00514039	0.276424	0.5973389355742297
input/fig3ab_prs/snp//fold80.SNP.0.00001.sscore	SNP	1e-5	80	30	10.088453124553247	4.867498663313772	0.03820807834769109	0.03452	0.0947043	0.5797101449275363
input/fig3ab_prs/snp//fold80.SNP.0.0001.sscore	SNP	1e-4	80	192	29.062873102291896	13.066602553163655	0.026134292633778537	0.04019	0.100021	0.6071916871752803
input/fig3ab_prs/snp//fold80.SNP.0.001.sscore	SNP	0.001	80	1567.9885714285715	165.83634623441398	46.01327489598658	3.132390102487198e-4	0.109935	0.165418	0.6468416735028713
input/fig3ab_prs/snp//fold80.SNP.0.01.sscore	SNP	0.01	80	11469.988571428572	388.7691253524115	131.92451580685676	0.003209709293203546	0.0708709	0.128789	0.6484823625922888
input/fig3ab_prs/snp//fold80.SNP.0.05.sscore	SNP	0.05	80	43429.96571428572	812.1920276474594	299.4690770753744	0.0066857110439585	0.0610916	0.11962	0.622094613070823
input/fig3ab_prs/snp//fold80.SNP.0.1.sscore	SNP	0.1	80	74505.88571428572	1140.9145367783115	409.74277724802124	0.005361606103649226	0.0639104	0.122263	0.6259228876127974
input/fig3ab_prs/snp//fold81.SNP.0.00001.sscore	SNP	1e-5	81	38	14.215944503996575	6.432675546137239	0.027108058754673963	0.0413667	0.184393	0.5612044817927171
input/fig3ab_prs/snp//fold81.SNP.0.0001.sscore	SNP	1e-4	81	212	38.89789525971024	15.022572514254948	0.009617223198665684	0.0567236	0.197459	0.6092436974789915
input/fig3ab_prs/snp//fold81.SNP.0.001.sscore	SNP	0.001	81	1586	67.24597319385576	44.37005558636147	0.12962784364141805	0.0190292	0.165388	0.5322128851540616
input/fig3ab_prs/snp//fold81.SNP.0.01.sscore	SNP	0.01	81	11709.988439306358	394.1497077480019	154.45969098899386	0.010716907615805297	0.0556698	0.196562	0.5900560224089636
input/fig3ab_prs/snp//fold81.SNP.0.05.sscore	SNP	0.05	81	43717.94219653179	535.2202117925231	312.4567070778465	0.08672321336497603	0.0245953	0.170124	0.5649859943977591
input/fig3ab_prs/snp//fold81.SNP.0.1.sscore	SNP	0.1	81	74449.91907514451	383.16743516208004	416.8963695928653	0.3580458010648139	0.0069924	0.155147	0.5261904761904762
input/fig3ab_prs/snp//fold82.SNP.0.00001.sscore	SNP	1e-5	82	32	2.371282762322455	4.564379987997811	0.6033987697671882	0.00213792	0.0785316	0.5349330051955155
input/fig3ab_prs/snp//fold82.SNP.0.0001.sscore	SNP	1e-4	82	216	21.41351527071299	14.116803113010508	0.12929664476644698	0.0184103	0.0935582	0.595296691277003
input/fig3ab_prs/snp//fold82.SNP.0.001.sscore	SNP	0.001	82	1518	202.22204006824813	55.77467809312135	2.8818396302635567e-4	0.121727	0.188965	0.6844407984686902
input/fig3ab_prs/snp//fold82.SNP.0.01.sscore	SNP	0.01	82	11422	262.1216566784688	137.82055315213861	0.05718352082693607	0.0293455	0.103656	0.5783429040196882
input/fig3ab_prs/snp//fold82.SNP.0.05.sscore	SNP	0.05	82	43461.97714285714	736.1260783772941	308.67325027512936	0.017088091022361248	0.0461118	0.119139	0.6067815149029259
input/fig3ab_prs/snp//fold82.SNP.0.1.sscore	SNP	0.1	82	74705.92	1164.189204064436	428.0817141476489	0.006537100578483947	0.060547	0.132469	0.6140278917145201
input/fig3ab_prs/snp//fold83.SNP.0.00001.sscore	SNP	1e-5	83	36	10.426384120321257	5.1299298953585675	0.042106975091631756	0.0340774	0.142856	0.5861973775017253
input/fig3ab_prs/snp//fold83.SNP.0.0001.sscore	SNP	1e-4	83	226	42.7331708199772	15.593497776889958	0.006135547761083933	0.0648988	0.170207	0.6242926155969634
input/fig3ab_prs/snp//fold83.SNP.0.001.sscore	SNP	0.001	83	1578	46.818205747216155	44.68316190964776	0.29473912971215427	0.00888959	0.120505	0.5184265010351967
input/fig3ab_prs/snp//fold83.SNP.0.01.sscore	SNP	0.01	83	11565.942528735632	295.5110392104031	147.91160906659385	0.04572864965832826	0.0327894	0.141714	0.5584541062801932
input/fig3ab_prs/snp//fold83.SNP.0.05.sscore	SNP	0.05	83	43785.89655172414	559.1144879429368	315.5386983643473	0.0764051243518239	0.0258399	0.135547	0.5693581780538303
input/fig3ab_prs/snp//fold83.SNP.0.1.sscore	SNP	0.1	83	74377.88505747127	739.614424343226	430.1086873346536	0.0855053768113437	0.0241924	0.134085	0.5538992408557626
input/fig3ab_prs/snp//fold84.SNP.0.00001.sscore	SNP	1e-5	84	32	5.868522763068406	5.160749202028023	0.2554774631944118	0.0104643	0.0978005	0.5639355742296919
input/fig3ab_prs/snp//fold84.SNP.0.0001.sscore	SNP	1e-4	84	246	28.87596097897294	14.21162231264321	0.0421683007748259	0.0342022	0.119443	0.5754901960784313
input/fig3ab_prs/snp//fold84.SNP.0.001.sscore	SNP	0.001	84	1604	186.96535718778222	54.10413355782466	5.489522869134094e-4	0.107494	0.186266	0.6647058823529411
input/fig3ab_prs/snp//fold84.SNP.0.01.sscore	SNP	0.01	84	11553.976878612717	336.9123837396515	152.42901784786466	0.02708501950027233	0.040685	0.125354	0.6064425770308123
input/fig3ab_prs/snp//fold84.SNP.0.05.sscore	SNP	0.05	84	43629.919075144506	569.6605641070842	318.22524611049283	0.07343503309749572	0.0263024	0.112241	0.5911764705882353
input/fig3ab_prs/snp//fold84.SNP.0.1.sscore	SNP	0.1	84	74625.91907514451	824.9475932051312	444.3649858086695	0.0633874515985858	0.0282305	0.113999	0.6005602240896358
input/fig3ab_prs/snp//fold85.SNP.0.00001.sscore	SNP	1e-5	85	26	4.633855711182822	4.806021456187366	0.33495715575824936	0.00776576	0.211307	0.48509707410445724
input/fig3ab_prs/snp//fold85.SNP.0.0001.sscore	SNP	1e-4	85	212	40.130787415921155	16.757768399951953	0.016631372010524028	0.0490336	0.24411	0.5880503144654088
input/fig3ab_prs/snp//fold85.SNP.0.001.sscore	SNP	0.001	85	1524	84.74280809209104	49.84905041657882	0.08913310508902252	0.0243054	0.224454	0.551681706316653
input/fig3ab_prs/snp//fold85.SNP.0.01.sscore	SNP	0.01	85	11684	179.273519137036	147.78740479969852	0.22511068464761247	0.012289	0.214903	0.5695925622094613
input/fig3ab_prs/snp//fold85.SNP.0.05.sscore	SNP	0.05	85	43721.97714285714	315.77766084524524	329.16868198778076	0.33739823484104536	0.00770475	0.211259	0.555646704949412
input/fig3ab_prs/snp//fold85.SNP.0.1.sscore	SNP	0.1	85	75057.97714285714	355.8925630260096	457.39411978969196	0.43651753974476326	0.0050365	0.209138	0.538966365873667
input/fig3ab_prs/snp//fold86.SNP.0.00001.sscore	SNP	1e-5	86	38	13.056010661694327	5.8613276504560865	0.025914976981198257	0.0407413	0.154965	0.6005826859045504
input/fig3ab_prs/snp//fold86.SNP.0.0001.sscore	SNP	1e-4	86	224	41.84240878470584	14.914182005065298	0.00502315665605554	0.065817	0.177055	0.6170921198668147
input/fig3ab_prs/snp//fold86.SNP.0.001.sscore	SNP	0.001	86	1583.9885057471265	50.59112267176326	44.681646423645425	0.2575262544088199	0.0104534	0.128284	0.5461986681465039
input/fig3ab_prs/snp//fold86.SNP.0.01.sscore	SNP	0.01	86	11597.977011494253	216.46363957955583	138.38484462558444	0.11776710295740997	0.0201657	0.136839	0.5421753607103219
input/fig3ab_prs/snp//fold86.SNP.0.05.sscore	SNP	0.05	86	43521.96551724138	241.0550823881019	303.78196830609426	0.42747872722348385	0.00510682	0.123574	0.5416204217536071
input/fig3ab_prs/snp//fold86.SNP.0.1.sscore	SNP	0.1	86	74553.96551724138	233.20635487984597	417.3023281948431	0.576269086009732	0.00252392	0.121298	0.5324639289678136
input/fig3ab_prs/snp//fold87.SNP.0.00001.sscore	SNP	1e-5	87	36	2.4242361153176892	5.9128890103259355	0.681811949527415	0.00137704	0.17824	0.527536231884058
input/fig3ab_prs/snp//fold87.SNP.0.0001.sscore	SNP	1e-4	87	208	12.449681622093474	13.92379513954175	0.37125239064098003	0.00659015	0.18253	0.5507246376811594
input/fig3ab_prs/snp//fold87.SNP.0.001.sscore	SNP	0.001	87	1579.9885057471265	126.81887150297568	47.42918870996808	0.0074984402707760425	0.060314	0.226739	0.6342305037957212
input/fig3ab_prs/snp//fold87.SNP.0.01.sscore	SNP	0.01	87	11375.954022988506	364.84052602093396	147.1610398660067	0.013168026821510451	0.0520762	0.21996	0.641407867494824
input/fig3ab_prs/snp//fold87.SNP.0.05.sscore	SNP	0.05	87	43403.9540229885	1005.8876075681333	354.79389626632894	0.0045806722893338	0.0689716	0.233863	0.6408557625948931
input/fig3ab_prs/snp//fold87.SNP.0.1.sscore	SNP	0.1	87	74003.91954022988	1553.4379348179734	494.14247264914366	0.0016682378343442056	0.0855666	0.247519	0.660455486542443
input/fig3ab_prs/snp//fold88.SNP.0.00001.sscore	SNP	1e-5	88	36	12.75841124233356	6.1027509734512595	0.036563934918069585	0.036766	0.173489	0.5835434173669468
input/fig3ab_prs/snp//fold88.SNP.0.0001.sscore	SNP	1e-4	88	212	30.6179938909154	15.226774106357043	0.044346610307217225	0.0339113	0.17104	0.572829131652661
input/fig3ab_prs/snp//fold88.SNP.0.001.sscore	SNP	0.001	88	1498	148.90789117812594	49.764824055493136	0.002769458529925024	0.0787813	0.209541	0.6105042016806723
input/fig3ab_prs/snp//fold88.SNP.0.01.sscore	SNP	0.01	88	11593.976878612717	275.936181349441	173.6755413439958	0.1121049274743557	0.0210297	0.159987	0.5596638655462185
input/fig3ab_prs/snp//fold88.SNP.0.05.sscore	SNP	0.05	88	43537.90751445087	275.4305462243594	359.28103385818355	0.44330993057645257	0.00480801	0.146068	0.538375350140056
input/fig3ab_prs/snp//fold88.SNP.0.1.sscore	SNP	0.1	88	74873.89595375722	440.2864224394677	512.6615842995047	0.39043724771273874	0.00606209	0.147144	0.5452380952380952
input/fig3ab_prs/snp//fold89.SNP.0.00001.sscore	SNP	1e-5	89	36	6.843974421255358	5.861915480067863	0.24299555761382954	0.0112178	0.13667	0.5336538461538461
input/fig3ab_prs/snp//fold89.SNP.0.0001.sscore	SNP	1e-4	89	200	40.915569304412735	15.744244930973881	0.00935602035484435	0.0574607	0.177046	0.6136877828054299
input/fig3ab_prs/snp//fold89.SNP.0.001.sscore	SNP	0.001	89	1607.9767441860465	68.70886544032828	48.91969490667861	0.16016299252287997	0.0163494	0.141151	0.5548642533936652
input/fig3ab_prs/snp//fold89.SNP.0.01.sscore	SNP	0.01	89	11703.976744186046	250.06256626788948	149.23201823571645	0.09380422778310549	0.0234309	0.147334	0.5740950226244343
input/fig3ab_prs/snp//fold89.SNP.0.05.sscore	SNP	0.05	89	43999.941860465115	262.8456398268482	306.0993122302025	0.3905093669909463	0.00606811	0.132174	0.5291289592760181
input/fig3ab_prs/snp//fold89.SNP.0.1.sscore	SNP	0.1	89	75141.90697674418	14.83752660496659	425.58027424530775	0.9721880072591373	9.93096e-6	0.126884	0.4793552036199095
input/fig3ab_prs/snp//fold9.SNP.0.00001.sscore	SNP	1e-5	9	40	5.752805734798388	5.261019650020162	0.2741842759697001	0.00987275	0.194769	0.5518207282913166
input/fig3ab_prs/snp//fold9.SNP.0.0001.sscore	SNP	1e-4	9	208	35.3397977571936	14.424426601807252	0.014285751893233774	0.0510398	0.228249	0.5967787114845938
input/fig3ab_prs/snp//fold9.SNP.0.001.sscore	SNP	0.001	9	1587.9768786127167	86.60841039300335	48.52436651599127	0.07428667107755742	0.0269416	0.208651	0.5481792717086834
input/fig3ab_prs/snp//fold9.SNP.0.01.sscore	SNP	0.01	9	11491.965317919075	300.45028935959516	149.6645721452647	0.04469740246912566	0.0342786	0.214617	0.5889355742296919
input/fig3ab_prs/snp//fold9.SNP.0.05.sscore	SNP	0.05	9	43711.953757225434	400.3569191159944	336.39472518915045	0.23399125304307558	0.0119239	0.196437	0.5324929971988795
input/fig3ab_prs/snp//fold9.SNP.0.1.sscore	SNP	0.1	9	74533.93063583814	885.7328745632008	467.6849846825737	0.05824274640825403	0.030675	0.211687	0.5740896358543417
input/fig3ab_prs/snp//fold90.SNP.0.00001.sscore	SNP	1e-5	90	42	8.674206332769568	6.288857328798024	0.16780299110250166	0.0157083	0.169247	0.560488346281909
input/fig3ab_prs/snp//fold90.SNP.0.0001.sscore	SNP	1e-4	90	234	26.64567478155374	15.266975603538334	0.08093012916531592	0.0253604	0.177394	0.6007214206437292
input/fig3ab_prs/snp//fold90.SNP.0.001.sscore	SNP	0.001	90	1581.9885057471265	13.063608403829383	47.392852937768026	0.7828206546590023	6.2079e-4	0.156513	0.5484184239733629
input/fig3ab_prs/snp//fold90.SNP.0.01.sscore	SNP	0.01	90	11665.965517241379	243.51003987104227	143.92771770724482	0.09066671905506703	0.0236803	0.175976	0.5725582685904551
input/fig3ab_prs/snp//fold90.SNP.0.05.sscore	SNP	0.05	90	43529.942528735635	158.974437863737	330.4917092657438	0.6304994545625817	0.00189356	0.157587	0.5337125416204218
input/fig3ab_prs/snp//fold90.SNP.0.1.sscore	SNP	0.1	90	74907.91954022988	366.2737390812557	463.0054747334837	0.42889810560277614	0.00513834	0.160326	0.53301886792452835
input/fig3ab_prs/snp//fold91.SNP.0.00001.sscore	SNP	1e-5	91	36	2.0664435528966063	4.658261829354046	0.6573258128977097	0.00156154	0.0763653	0.5062801932367149
input/fig3ab_prs/snp//fold91.SNP.0.0001.sscore	SNP	1e-4	91	202	10.457931262285971	13.753970258481388	0.44704105823792967	0.0045958	0.0791723	0.5311249137336094
input/fig3ab_prs/snp//fold91.SNP.0.001.sscore	SNP	0.001	91	1569.9770114942528	83.46193831344002	47.79356618180077	0.08075871345575719	0.0246614	0.0977345	0.5751552795031056
input/fig3ab_prs/snp//fold91.SNP.0.01.sscore	SNP	0.01	91	11425.965517241379	297.56022483614584	137.860406121151	0.030895436081552326	0.0380843	0.110152	0.6113181504485853
input/fig3ab_prs/snp//fold91.SNP.0.05.sscore	SNP	0.05	91	43167.942528735635	1003.0078378156772	346.1366864500172	0.003758837944579604	0.0695811	0.139289	0.633264320220842
input/fig3ab_prs/snp//fold91.SNP.0.1.sscore	SNP	0.1	91	74793.93103448275	1726.838064079334	490.889116901364	4.3517917150234195e-4	0.10389	0.171027	0.6763285024154589
input/fig3ab_prs/snp//fold92.SNP.0.00001.sscore	SNP	1e-5	92	36	9.608119083157701	5.895455830449693	0.10315434718909991	0.0221859	0.193529	0.5537325676784249
input/fig3ab_prs/snp//fold92.SNP.0.0001.sscore	SNP	1e-4	92	204	29.821618271485065	15.417293237763461	0.05307666800623841	0.0315644	0.201264	0.5694558381186765
input/fig3ab_prs/snp//fold92.SNP.0.001.sscore	SNP	0.001	92	1556	32.5121971321039	38.775072780689534	0.40176010272869866	0.00574526	0.179969	0.5360951599671863
input/fig3ab_prs/snp//fold92.SNP.0.01.sscore	SNP	0.01	92	11609.965714285714	276.21791236008613	153.92308170562245	0.07273035041854514	0.0269089	0.197425	0.5801203171998907
input/fig3ab_prs/snp//fold92.SNP.0.05.sscore	SNP	0.05	92	43671.94285714286	383.3876575960228	300.5556479721887	0.2020982802596213	0.0133483	0.18624	0.5691823899371069
input/fig3ab_prs/snp//fold92.SNP.0.1.sscore	SNP	0.1	92	74385.89714285714	460.48807005685507	417.31406660798024	0.26982881543950626	0.00999994	0.183479	0.5587913590374625
input/fig3ab_prs/snp//fold93.SNP.0.00001.sscore	SNP	1e-5	93	34	0.241105874019871	5.376846972803722	0.9642336475378792	1.60466e-5	0.0852255	0.5108213096559379
input/fig3ab_prs/snp//fold93.SNP.0.0001.sscore	SNP	1e-4	93	218	34.55011421060805	15.009565146703702	0.021342329777876867	0.0431058	0.124644	0.5760266370699223
input/fig3ab_prs/snp//fold93.SNP.0.001.sscore	SNP	0.001	93	1601.9885057471265	26.095855485625638	46.18046214882967	0.5720164067089317	0.00255007	0.0875436	0.5195615982241953
input/fig3ab_prs/snp//fold93.SNP.0.01.sscore	SNP	0.01	93	11709.988505747126	134.64866819650396	142.6785107998602	0.34531237842786194	0.00713732	0.09174	0.5423140954495006
input/fig3ab_prs/snp//fold93.SNP.0.05.sscore	SNP	0.05	93	43871.96551724138	579.7471148230987	327.42672120616356	0.07662451672095612	0.0256194	0.108647	0.56992230854606
input/fig3ab_prs/snp//fold93.SNP.0.1.sscore	SNP	0.1	93	74615.9540229885	630.1568228821865	425.67208646037	0.1387716265423839	0.017796	0.10149	0.5516093229744728
input/fig3ab_prs/snp//fold94.SNP.0.00001.sscore	SNP	1e-5	94	28	17.98209605981779	5.516735129834288	0.0011158753586871606	0.090855	0.169178	0.649247491638796
input/fig3ab_prs/snp//fold94.SNP.0.0001.sscore	SNP	1e-4	94	216	37.92120188382469	14.930252890740979	0.011088729871533975	0.0536981	0.135223	0.6110646599777034
input/fig3ab_prs/snp//fold94.SNP.0.001.sscore	SNP	0.001	94	1577.9653179190752	151.2233483634556	54.47614927216018	0.005503979658405525	0.0648348	0.1454	0.5976867335562988
input/fig3ab_prs/snp//fold94.SNP.0.01.sscore	SNP	0.01	94	11701.942196531792	469.73912210096415	153.1900836622786	0.0021666722292387323	0.0809215	0.160101	0.6339186176142698
input/fig3ab_prs/snp//fold94.SNP.0.05.sscore	SNP	0.05	94	43603.90751445087	731.1927302885689	300.0464647085257	0.014812478344006681	0.0487047	0.130659	0.6188684503901896
input/fig3ab_prs/snp//fold94.SNP.0.1.sscore	SNP	0.1	94	74583.88439306358	1063.1788938280936	453.0422156352258	0.018937724074234802	0.0454621	0.127696	0.6073021181716833
input/fig3ab_prs/snp//fold95.SNP.0.00001.sscore	SNP	1e-5	95	42	6.320455981406358	5.125230338380336	0.21749955953663816	0.0120442	0.0727515	0.5484003281378179
input/fig3ab_prs/snp//fold95.SNP.0.0001.sscore	SNP	1e-4	95	210	7.460869350998131	12.344600451208581	0.5455888902928864	0.00288545	0.0641555	0.5069729286300246
input/fig3ab_prs/snp//fold95.SNP.0.001.sscore	SNP	0.001	95	1548	64.66342328319894	41.041102516576615	0.11512328585979376	0.0198988	0.0801235	0.5637134263057151
input/fig3ab_prs/snp//fold95.SNP.0.01.sscore	SNP	0.01	95	11553.977142857142	274.92569692727545	145.46073232630098	0.05875344317996805	0.0285526	0.0882455	0.550998085862729
input/fig3ab_prs/snp//fold95.SNP.0.05.sscore	SNP	0.05	95	43593.94285714286	539.2650630282493	331.6805546364446	0.10398013612244811	0.0210225	0.0811781	0.5505879135903746
input/fig3ab_prs/snp//fold95.SNP.0.1.sscore	SNP	0.1	95	74627.90857142858	514.7385038755748	464.98380298384615	0.26829259499488706	0.00967935	0.070532	0.5519551544982226
input/fig3ab_prs/snp//fold96.SNP.0.00001.sscore	SNP	1e-5	96	36	5.958321890218938	5.6058486725768475	0.28783819814407957	0.00947678	0.228818	0.5527192008879024
input/fig3ab_prs/snp//fold96.SNP.0.0001.sscore	SNP	1e-4	96	230	25.18898048194001	15.881343001596262	0.11272259169931506	0.0212218	0.237962	0.5678412874583796
input/fig3ab_prs/snp//fold96.SNP.0.001.sscore	SNP	0.001	96	1541.9770114942528	57.80857113745681	46.550607989308034	0.21429430014295076	0.0130642	0.231611	0.542591564927858
input/fig3ab_prs/snp//fold96.SNP.0.01.sscore	SNP	0.01	96	11673.977011494253	217.395656102713	151.28014451514602	0.15070655821187748	0.0175275	0.235086	0.566315205327414
input/fig3ab_prs/snp//fold96.SNP.0.05.sscore	SNP	0.05	96	43649.93103448276	275.3787846519724	316.7638161470811	0.3846554443351557	0.00639509	0.226419	0.5129023307436182
input/fig3ab_prs/snp//fold96.SNP.0.1.sscore	SNP	0.1	96	74805.89655172414	663.542663273735	439.6451976668269	0.13123017227556696	0.0196668	0.236752	0.5195615982241953
input/fig3ab_prs/snp//fold97.SNP.0.00001.sscore	SNP	1e-5	97	40	0.923435968073426	6.059657734462794	0.8788787287224238	1.87576e-4	0.114075	0.49108138238573024
input/fig3ab_prs/snp//fold97.SNP.0.0001.sscore	SNP	1e-4	97	210	38.11566223684761	16.381097287774335	0.01997550587986667	0.0463031	0.154938	0.6032608695652174
input/fig3ab_prs/snp//fold97.SNP.0.001.sscore	SNP	0.001	97	1558	156.2629895780509	46.98188996973882	8.809369736740999e-4	0.0942696	0.19744	0.6355908584169454
input/fig3ab_prs/snp//fold97.SNP.0.01.sscore	SNP	0.01	97	11705.988439306358	379.7625546515036	148.82327047608797	0.01071776628779148	0.0552058	0.162826	0.6153846153846154
input/fig3ab_prs/snp//fold97.SNP.0.05.sscore	SNP	0.05	97	43773.96531791907	404.6743969641183	313.1721756750652	0.19629528604940535	0.0136577	0.126011	0.5430602006688963
input/fig3ab_prs/snp//fold97.SNP.0.1.sscore	SNP	0.1	97	74783.94219653179	687.1809224861098	451.4510581493286	0.12796889525456953	0.0190788	0.130814	0.5599219620958752
input/fig3ab_prs/snp//fold98.SNP.0.00001.sscore	SNP	1e-5	98	28	-2.5039885970976385	4.691502307006249	0.5935293721724739	0.00230211	0.10623	0.46491596638655464
input/fig3ab_prs/snp//fold98.SNP.0.0001.sscore	SNP	1e-4	98	206	21.88141370051275	14.0931710113457	0.12051268064014153	0.0196843	0.121801	0.5561624649859944
input/fig3ab_prs/snp//fold98.SNP.0.001.sscore	SNP	0.001	98	1516	107.4912343115613	44.12631963903995	0.014851131431211	0.0497067	0.148696	0.6092436974789915
input/fig3ab_prs/snp//fold98.SNP.0.01.sscore	SNP	0.01	98	11595.988439306358	492.4641773326403	148.76385029673511	9.31709522779366e-4	0.0963861	0.190513	0.6284313725490196
input/fig3ab_prs/snp//fold98.SNP.0.05.sscore	SNP	0.05	98	43453.988439306355	1106.513822351108	342.03949567667934	0.0012162273606936792	0.0915327	0.186165	0.6162464985994398
input/fig3ab_prs/snp//fold98.SNP.0.1.sscore	SNP	0.1	98	74435.95375722543	1745.134296082227	492.2574957419123	3.923666281868179e-4	0.11215	0.204635	0.6460784313725491
input/fig3ab_prs/snp//fold99.SNP.0.00001.sscore	SNP	1e-5	99	32	2.7928832732612237	5.644566301128806	0.6207473242178512	0.00209424	0.264958	0.5595238095238095
input/fig3ab_prs/snp//fold99.SNP.0.0001.sscore	SNP	1e-4	99	222	21.257279719507345	15.939700033025153	0.18233301313609052	0.0153458	0.274719	0.5892156862745098
input/fig3ab_prs/snp//fold99.SNP.0.001.sscore	SNP	0.001	99	1536	99.55936261956494	49.27905727374598	0.04335042091510643	0.0361199	0.290021	0.6215686274509804
input/fig3ab_prs/snp//fold99.SNP.0.01.sscore	SNP	0.01	99	11589.988439306358	352.3306417782502	166.24134748835365	0.03405732194106569	0.0404314	0.293197	0.6225490196078431
input/fig3ab_prs/snp//fold99.SNP.0.05.sscore	SNP	0.05	99	43309.96531791907	756.7062255332478	348.65998682042294	0.029982073427044436	0.0425173	0.294733	0.5952380952380952
input/fig3ab_prs/snp//fold99.SNP.0.1.sscore	SNP	0.1	99	74621.93063583814	1120.1081375585366	496.4814955439367	0.024064843903638403	0.0457717	0.29713	0.5980392156862745
