fold	Count	r2_PRS	r2_full	AUC	BETA_SNP	BETA_SV
0	11903.051428571427	0.0403632	0.132823	0.5888706590101176	73.85189326379518	56.86866806843222
1	11920.708571428571	0.0986473	0.187564	0.6707683893902106	364.9661792835297	79.45937353978233
10	11886.868571428571	0.173165	0.296864	0.7026251025430681	439.08800089327684	129.5036244299089
11	11968.960000000001	0.0951673	0.197817	0.667076838939021	477.1489239014683	51.38975149906804
12	11967.045977011494	0.0668277	0.256614	0.6035886818495514	266.58332725652497	71.4733735294125
13	11968.843930635838	0.151453	0.255591	0.6973389355742297	501.1821706365797	111.00906760141075
14	11969.222857142857	0.110222	0.220047	0.672545802570413	379.8876584718445	94.99647816069243
15	11996.845714285713	0.0651956	0.137228	0.6164889253486464	379.6231619757234	29.518620280860564
16	11944.919540229885	0.0947571	0.163544	0.6466528640441684	428.95567605469176	64.91209185502431
17	12032.85549132948	0.0877838	0.294794	0.623109243697479	340.1434842907552	78.4979470962702
18	11867.216374269006	0.163773	0.244674	0.7330654420206659	473.7728411887886	124.77674414708974
19	11905.017341040462	0.0598253	0.167217	0.6378151260504202	308.1039711441935	46.22148762494953
2	11917.13294797688	0.0787893	0.25544	0.6411764705882352	442.5161565346719	74.05774193656644
20	11974.843930635838	0.120704	0.169009	0.6650239369191777	419.81571378643616	95.84135479558721
21	12045.108571428571	0.151451	0.269668	0.6888159693738036	368.54451260451697	133.63274394668858
22	11936.977011494253	0.0990981	0.224236	0.6378191856452726	299.88545450620154	96.32368452624556
23	11966.666666666666	0.0623919	0.287525	0.6597653554175293	354.7724347487	32.05079859322281
24	12091.03448275862	0.0657043	0.150997	0.6606548279689234	204.5128503353615	84.39189101377094
25	11938.891428571429	0.0676681	0.116703	0.6092425485370523	372.49551173219976	29.87255233714695
26	11777.325714285713	0.202156	0.314685	0.7184850970741045	675.3413201519586	78.91598916116219
27	11932.774566473989	0.0871954	0.203387	0.629041248606466	118.31579947344645	92.72184947423682
28	11946.976744186046	0.15631	0.2982	0.684106334841629	715.0036230918647	28.451010302288875
29	11905.341040462428	0.158361	0.223355	0.6990196078431372	321.9346790031294	121.66420106218919
3	12015.07514450867	0.124545	0.195291	0.6663879598662208	354.9910363408471	98.68880495550079
30	11792.868571428571	0.114018	0.173782	0.671178561662565	448.42987222341156	66.57058169172946
31	12081.017142857143	0.0647888	0.130735	0.628247197156139	201.6271070820103	69.26199391369624
32	11810.811428571427	0.0890328	0.165639	0.6583264971287941	388.23427244724877	62.69695605137508
33	11940.868571428571	0.0528286	0.194068	0.566447908121411	313.368019830046	39.80764436468214
34	11904.919540229885	0.0583149	0.267749	0.6289855072463768	364.68605410206777	40.17642087926865
35	11897.12643678161	0.0857103	0.176919	0.620151828847481	317.42244498562474	77.76166661631544
36	11929.218390804597	0.0843058	0.230786	0.650110987791343	423.6767073672115	51.55222528959166
37	12044.763005780347	0.0977768	0.293787	0.6714285714285715	256.6276350682268	106.08148635950784
38	12048.842105263158	0.0745786	0.173291	0.6298794489092997	406.1533739602493	70.83647224855443
39	12019.081395348838	0.109605	0.204108	0.6503110859728507	476.3752453646419	59.775200035762474
4	11886.868571428571	0.0785431	0.186459	0.6428766748701121	255.112546125009	98.09196521253533
40	11916.954022988506	0.0586232	0.240523	0.6200138026224983	295.044705729824	67.01567574636655
41	11838.67816091954	0.10505	0.197687	0.6533018867924528	246.1108891252693	93.08721221673358
42	11990.788571428571	0.163924	0.257231	0.7024883784522833	412.86898208239467	128.3707149246058
43	11777.074285714285	0.0536659	0.124346	0.6134809953513809	227.47745264124842	69.9924515483046
44	12059.119999999999	0.0462742	0.260395	0.6182663385288488	265.35012157789504	48.3495347449456
45	11914.816091954022	0.0462117	0.179826	0.6238901220865705	294.35486068202516	40.44390310775085
46	11932.99421965318	0.0630963	0.159705	0.619187675070028	222.78685007853443	79.09974886504942
47	11948.942528735632	0.0504516	0.122353	0.6157349896480331	284.63959577839177	46.10217155852414
48	11915.03488372093	0.142513	0.377474	0.6616233031674208	432.3496406281703	120.2761830587556
49	11983.232558139534	0.129129	0.236182	0.6893382352941176	503.01846878976517	92.92703588792712
5	11831.283236994219	0.118157	0.20941	0.6714285714285715	480.2814308577521	63.65899460784559
50	11933.154285714287	0.0788887	0.207245	0.6257861635220126	233.54491804725023	100.48070001366283
51	11946.971428571429	0.126897	0.232751	0.6812961443806399	424.29057383487316	95.88157776212208
52	11996.931034482759	0.0694131	0.125575	0.6191856452726018	439.2473901802419	15.79698738048097
53	11949.172413793103	0.0872473	0.143841	0.6672187715665976	290.3529039901102	69.65956043802464
54	12005.206896551723	0.110136	0.240667	0.6588512763596005	343.18851532964294	92.66969378477896
55	11890.965517241379	0.174807	0.354564	0.6947835738068813	551.7259361782261	126.82613851562424
56	11892.857142857143	0.154697	0.224742	0.676510801203172	500.8309240346563	105.2626280090624
57	11877.151162790697	0.112611	0.244696	0.6921345152666386	499.90549891370597	53.917472296777376
58	11803	0.0725892	0.219222	0.6220326936744848	382.0196659753373	58.133407593986824
59	11998.728323699423	0.107613	0.306456	0.6563025210084034	550.4478666765788	26.35184727369106
6	11901.314285714285	0.149619	0.256954	0.6884057971014493	525.3568610138716	93.68114371824933
60	11961.245714285715	0.131544	0.33821	0.7130161334427126	541.1339876280623	66.43307981237403
61	12026.765714285713	0.101487	0.201977	0.6553185671315286	245.08955444933417	95.35182476279607
62	12101.119999999999	0.085635	0.274832	0.6544982225868198	352.77910848525363	76.02902274008648
63	11939.108571428571	0.111048	0.202912	0.6439704675963905	518.4063768453142	47.816540418530934
64	11969.167630057804	0.117687	0.211203	0.6596638655462185	295.61270522288305	109.5247681781194
65	12162.712643678162	0.0951537	0.224894	0.63216011042098	416.74787906008595	74.7309048695282
66	11730.834285714287	0.125948	0.228987	0.6724090784796282	435.11021131554395	81.78367857934143
67	11937.098265895955	0.0574284	0.102506	0.6268115942028986	213.91008913797975	76.87120637723713
68	11996.807017543859	0.0816847	0.143722	0.6237083811710677	350.5646399726797	76.0008445438381
69	12055.023255813952	0.101661	0.289292	0.6621179815209666	100.36374206616894	123.16172667628504
7	12022.890173410404	0.0760761	0.185078	0.623109243697479	71.053307046493	99.8843620462319
70	11958.994285714287	0.0402029	0.186272	0.5954334153677878	91.66806249498971	66.98182840497721
71	11862.728323699423	0.094574	0.269016	0.6371148459383753	324.89494505478604	94.23354554416106
72	11842.816091954022	0.167206	0.267178	0.6867369589345172	535.2542092069908	107.22145787835994
73	11837.005714285713	0.177595	0.333321	0.6942849330051956	638.1242144691709	58.97296650601433
74	11966.994285714287	0.105054	0.19618	0.661744599398414	254.69118136081522	103.65730104564024
75	11941.310344827585	0.105189	0.133126	0.6488612836438924	267.8579974872723	100.64337004986984
76	11899.017142857143	0.115033	0.249744	0.6722723543888434	401.07833364308004	93.34149935425418
77	11930.908045977012	0.0790987	0.21099300000000001	0.6474810213940649	418.14931215362526	53.53756938580551
78	11898.994152046784	0.166238	0.34473	0.7080941446613088	674.7449138864782	102.49701767781588
79	11823.162790697674	0.104617	0.16884	0.6500282805429864	483.164711239107	43.29826753122083
8	12052.913294797689	0.044341	0.304935	0.603641456582633	224.8350067226814	65.79808894946686
80	11815.062857142857	0.168283	0.220129	0.6979764834563851	415.97892170785235	115.04272500712132
81	12025.260115606936	0.102007	0.235986	0.6317927170868347	425.1794405858567	77.48528021582122
82	11752.8	0.104846	0.173376	0.6725458025704129	236.0579366294491	101.58904766406461
83	11900.747126436781	0.0870374	0.189852	0.6230503795721187	304.0325875693039	95.5308962368262
84	11866.86705202312	0.113946	0.192149	0.6746498599439776	314.61637126791504	89.25423976039067
85	12069.28	0.0410454	0.23776	0.6063713426305715	165.329477424041	74.92128335097948
86	12014.942528735632	0.104499	0.211131	0.6754994450610433	218.99152204341564	105.62992827383876
87	11758.758620689656	0.0861136	0.247969	0.6644582470669427	393.05835168161724	54.388074969052006
88	11991.260115606936	0.048216	0.183314	0.6023809523809524	330.5926288782283	69.87344689825468
89	12076.93023255814	0.0415581	0.163161	0.598274886877828	307.53069535596217	27.496875029002844
9	11892.92485549133	0.12384	0.287454	0.6642857142857143	293.5607081162314	103.7487661427316
90	12032.87356321839	0.0410344	0.190623	0.6000277469478358	291.66966488228417	38.07664921587208
91	11798.919540229885	0.0785614	0.147596	0.6579710144927536	309.68074910733446	79.9824773440974
92	12031.062857142857	0.117863	0.272441	0.6479354662291495	253.62264491761763	125.77251570919563
93	12058.770114942528	0.0320293	0.114511	0.5828246392896782	164.53313651571486	50.747348298292415
94	12008.936416184972	0.121145	0.196859	0.6560758082497213	541.7194366993274	48.45330652226132
95	11921.062857142857	0.0569489	0.114897	0.589280831282472	250.34216981452903	56.32837446025542
96	12105.022988505747	0.0612548	0.26913	0.6132075471698113	293.3088768181971	73.60400468992239
97	12051.445086705202	0.139137	0.237197	0.6721014492753623	437.39977099804025	99.76589459023273
98	11945.07514450867	0.165581	0.2525	0.6829131652661065	524.2339889772877	94.90048707332744
99	11966.832369942196	0.0445948	0.296264	0.6214285714285714	337.39012727543945	30.204665039492344
