file	PRS_type	threshold	fold	Count	BETA	SE	P	r2_PRS	r2_full	AUC
input/fig3ab_prs/sv//fold0.SV.0.0001.sscore	SV	1e-4	0	3.9314285714285715	4.707480814653028	1.5678903605659904	0.002678336969906032	0.075102	0.164215	0.6152584085315834
input/fig3ab_prs/sv//fold0.SV.0.001.sscore	SV	0.001	0	37.885714285714286	15.076352970638862	6.937943159663135	0.029778120771136816	0.038852	0.131457	0.5958435876401422
input/fig3ab_prs/sv//fold0.SV.0.01.sscore	SV	0.01	0	201.38285714285715	36.969845323121916	18.187432866125995	0.042081448760683364	0.0336533	0.12676	0.594613070823079
input/fig3ab_prs/sv//fold0.SV.0.05.sscore	SV	0.05	0	741.0171428571429	85.2865531423417	43.07454508929789	0.047706257744198864	0.0314615	0.124779	0.5887339349193328
input/fig3ab_prs/sv//fold0.SV.0.1.sscore	SV	0.1	0	1328.662857142857	125.15050446079836	64.82843358797827	0.05354641715265181	0.0300334	0.123488	0.6028165162701669
input/fig3ab_prs/sv//fold1.SV.0.0001.sscore	SV	1e-4	1	9.851428571428572	10.203420926436841	3.0804126026226157	9.251397941006008e-4	0.0904421	0.180168	0.6656412359857807
input/fig3ab_prs/sv//fold1.SV.0.001.sscore	SV	0.001	1	31.805714285714284	26.326511952712565	8.135668030942247	0.0012124399674072557	0.0933173	0.18276	0.6144380639868745
input/fig3ab_prs/sv//fold1.SV.0.01.sscore	SV	0.01	1	177.66857142857143	69.68293096022312	21.062485599560798	9.383381214038124e-4	0.0929299	0.182411	0.6394585726004922
input/fig3ab_prs/sv//fold1.SV.0.05.sscore	SV	0.05	1	722.7085714285714	140.9646280395449	49.72999711461158	0.004588315824633873	0.0674866	0.159477	0.6404156412359858
input/fig3ab_prs/sv//fold1.SV.0.1.sscore	SV	0.1	1	1366.5028571428572	234.73157200528505	78.0610226576852	0.0026381667195816082	0.0751052	0.166344	0.6457478807765928
input/fig3ab_prs/sv//fold10.SV.0.0001.sscore	SV	1e-4	10	5.92	4.868326693340146	2.3110327950905742	0.03515583286428511	0.0362507	0.180434	0.5617309269893356
input/fig3ab_prs/sv//fold10.SV.0.001.sscore	SV	0.001	10	27.92	18.554630386054313	5.916284619824606	0.0017115455691178484	0.0853397	0.222179	0.5987147935466229
input/fig3ab_prs/sv//fold10.SV.0.01.sscore	SV	0.01	10	175.4742857142857	52.083904080589924	18.772605241632508	0.005529287417581346	0.0655295	0.205332	0.624829094886519
input/fig3ab_prs/sv//fold10.SV.0.05.sscore	SV	0.05	10	748.88	167.71410912086841	49.797911478042444	7.574459152259814e-4	0.0979827	0.23293	0.6561389116762374
input/fig3ab_prs/sv//fold10.SV.0.1.sscore	SV	0.1	10	1336.7428571428572	272.07338477730366	75.87496516320078	3.3603057225467157e-4	0.11302	0.245717	0.6549083948591742
input/fig3ab_prs/sv//fold11.SV.0.0001.sscore	SV	1e-4	11	11.874285714285714	3.413718973407507	3.1768530273532605	0.2825717988559763	0.00923589	0.121634	0.5380776592835658
input/fig3ab_prs/sv//fold11.SV.0.001.sscore	SV	0.001	11	27.86285714285714	5.837396752516659	5.735417154371008	0.30878219704143567	0.00828896	0.120794	0.5482636040470331
input/fig3ab_prs/sv//fold11.SV.0.01.sscore	SV	0.01	11	169.6	47.578861645548734	19.818665353251863	0.0163633132595824	0.0474093	0.155477	0.6045939294503692
input/fig3ab_prs/sv//fold11.SV.0.05.sscore	SV	0.05	11	726.9142857142857	159.47588209315379	51.77110453825369	0.0020672045813031783	0.0801819	0.184531	0.6145747880776593
input/fig3ab_prs/sv//fold11.SV.0.1.sscore	SV	0.1	11	1374.64	337.3209490169801	87.97745697811705	1.259865255903022e-4	0.131658	0.230167	0.6594202898550725
input/fig3ab_prs/sv//fold12.SV.0.0001.sscore	SV	1e-4	12	9.908045977011493	4.951826652331205	3.1006037872706043	0.11025403218799645	0.0212793	0.220329	0.5662525879917185
input/fig3ab_prs/sv//fold12.SV.0.001.sscore	SV	0.001	12	31.908045977011493	5.646100190175097	6.62432737471971	0.394032028679666	0.0060142	0.208168	0.5307798481711525
input/fig3ab_prs/sv//fold12.SV.0.01.sscore	SV	0.01	12	197.7816091954023	7.788387850491656	20.559384802807912	0.7048185833916895	0.00119149	0.204326	0.5036576949620428
input/fig3ab_prs/sv//fold12.SV.0.05.sscore	SV	0.05	12	723.0344827586207	99.30072838460553	51.34783811754402	0.05312747363938678	0.0320692	0.228924	0.5554175293305729
input/fig3ab_prs/sv//fold12.SV.0.1.sscore	SV	0.1	12	1330.6896551724137	171.44636546065112	76.79495621171081	0.025580537675018493	0.0428493	0.237512	0.5671497584541063
input/fig3ab_prs/sv//fold13.SV.0.0001.sscore	SV	1e-4	13	9.976878612716764	6.6641182654939595	3.098237451348151	0.03148105295506299	0.0379844	0.156049	0.5743697478991596
input/fig3ab_prs/sv//fold13.SV.0.001.sscore	SV	0.001	13	31.953757225433527	14.605356971566893	6.791126720797946	0.03150359964906002	0.0382236	0.156258	0.6007002801120448
input/fig3ab_prs/sv//fold13.SV.0.01.sscore	SV	0.01	13	183.56069364161849	56.896311779159575	19.695996006225513	0.0038680745686415245	0.0708876	0.184914	0.6436974789915966
input/fig3ab_prs/sv//fold13.SV.0.05.sscore	SV	0.05	13	748.693641618497	165.20313625637834	50.435936990925285	0.0010547345118273527	0.0931329	0.204429	0.6663865546218487
input/fig3ab_prs/sv//fold13.SV.0.1.sscore	SV	0.1	13	1372.5664739884394	170.2809961001746	70.9977376666596	0.016466858100683743	0.0484207	0.165204	0.6175070028011205
input/fig3ab_prs/sv//fold14.SV.0.0001.sscore	SV	1e-4	14	7.885714285714286	4.886973275672614	2.29801594971435	0.03345287810630875	0.0373067	0.156131	0.5790948865190046
input/fig3ab_prs/sv//fold14.SV.0.001.sscore	SV	0.001	14	41.85142857142857	18.563981445891116	7.714128785031854	0.016106601157622587	0.0483414	0.165804	0.6129340989882417
input/fig3ab_prs/sv//fold14.SV.0.01.sscore	SV	0.01	14	193.56571428571428	16.459399583770185	20.363274786992374	0.4189245564439391	0.00526617	0.128045	0.5557834290401968
input/fig3ab_prs/sv//fold14.SV.0.05.sscore	SV	0.05	14	761.0057142857142	60.846007429837194	48.15853284516715	0.2064266910786444	0.0129483	0.134779	0.5720535958435876
input/fig3ab_prs/sv//fold14.SV.0.1.sscore	SV	0.1	14	1342.662857142857	112.77752524321683	73.32943548697276	0.12405910680233725	0.0193997	0.140434	0.5765654908394859
input/fig3ab_prs/sv//fold15.SV.0.0001.sscore	SV	1e-4	15	7.942857142857143	5.793154250670295	2.481426548877676	0.019563992997334738	0.044048	0.11771	0.6017910855892808
input/fig3ab_prs/sv//fold15.SV.0.001.sscore	SV	0.001	15	27.942857142857143	13.564006229667813	6.224697388642156	0.02932700675134604	0.0386115	0.112692	0.5809406617445994
input/fig3ab_prs/sv//fold15.SV.0.01.sscore	SV	0.01	15	201.68	44.59809750818159	21.08452285564373	0.034412441244232504	0.036726	0.110952	0.5803937653814603
input/fig3ab_prs/sv//fold15.SV.0.05.sscore	SV	0.05	15	794.72	23.651339109242443	51.63102753235242	0.6468922118527595	0.00166119	0.078589	0.506699480448455
input/fig3ab_prs/sv//fold15.SV.0.1.sscore	SV	0.1	15	1458.4	19.84652691242219	72.11938034077482	0.7831703264679791	5.99027e-4	0.0776087	0.5031446540880503
input/fig3ab_prs/sv//fold16.SV.0.0001.sscore	SV	1e-4	16	9.873563218390805	7.707554272042293	3.1257315917326367	0.013669234308807222	0.0494107	0.121643	0.5964113181504486
input/fig3ab_prs/sv//fold16.SV.0.001.sscore	SV	0.001	16	33.87356321839081	14.092962812954058	6.40979345519225	0.02790203685557541	0.0395736	0.112554	0.5970324361628709
input/fig3ab_prs/sv//fold16.SV.0.01.sscore	SV	0.01	16	205.51724137931035	41.194031315753335	21.517402605410474	0.05556244532761275	0.0296676	0.1034	0.5899240855762595
input/fig3ab_prs/sv//fold16.SV.0.05.sscore	SV	0.05	16	768.9310344827586	118.89962477331244	50.28433719179051	0.018052188843725	0.0459663	0.118461	0.6019323671497585
input/fig3ab_prs/sv//fold16.SV.0.1.sscore	SV	0.1	16	1390.5977011494253	101.62336823823748	74.16836777510996	0.17063343777092144	0.0150591	0.0899018	0.5663216011042098
input/fig3ab_prs/sv//fold17.SV.0.0001.sscore	SV	1e-4	17	9.953757225433526	2.789326333081559	2.847701810894938	0.32733257078101136	0.0081336	0.233219	0.57093837535014
input/fig3ab_prs/sv//fold17.SV.0.001.sscore	SV	0.001	17	39.94219653179191	6.312755640714594	7.083967569865554	0.3728579465973328	0.00672229	0.232128	0.5322128851540616
input/fig3ab_prs/sv//fold17.SV.0.01.sscore	SV	0.01	17	197.38728323699422	22.0890730487387	20.795362388553563	0.28813968087423936	0.00961365	0.234364	0.5435574229691876
input/fig3ab_prs/sv//fold17.SV.0.05.sscore	SV	0.05	17	760.8554913294797	58.60531423278584	51.07163717975349	0.2511700950044422	0.0112076	0.235596	0.5603641456582633
input/fig3ab_prs/sv//fold17.SV.0.1.sscore	SV	0.1	17	1326.670520231214	107.49766244903742	72.5081681113472	0.13819152456173925	0.0187961	0.241462	0.5864145658263306
input/fig3ab_prs/sv//fold18.SV.0.0001.sscore	SV	1e-4	18	7.883040935672515	7.0433411389185725	2.489576580170428	0.004667442197109897	0.0667312	0.157021	0.6227755453501721
input/fig3ab_prs/sv//fold18.SV.0.001.sscore	SV	0.001	18	39.88304093567251	26.348462624292985	8.224402316436107	0.001356769249825761	0.0891079	0.177233	0.6510476463834672
input/fig3ab_prs/sv//fold18.SV.0.01.sscore	SV	0.01	18	157.82456140350877	69.27332525595266	21.027933338435957	9.86503639256964e-4	0.0948766	0.182444	0.6720723306544202
input/fig3ab_prs/sv//fold18.SV.0.05.sscore	SV	0.05	18	716.9239766081871	168.33638790466512	50.236675729938014	8.055916290075985e-4	0.0962483	0.183683	0.6725028702640643
input/fig3ab_prs/sv//fold18.SV.0.1.sscore	SV	0.1	18	1352.6198830409357	207.9855620615346	76.7311839263288	0.006716683281406776	0.0621632	0.152895	0.653272101033295
input/fig3ab_prs/sv//fold19.SV.0.0001.sscore	SV	1e-4	19	7.907514450867052	5.28059425879144	2.503290843845975	0.034904814056709324	0.037722	0.147638	0.5938375350140056
input/fig3ab_prs/sv//fold19.SV.0.001.sscore	SV	0.001	19	35.907514450867055	9.700408235725398	6.3614856186561894	0.12729271570578235	0.0192207	0.13125	0.5813725490196079
input/fig3ab_prs/sv//fold19.SV.0.01.sscore	SV	0.01	19	195.66473988439307	32.65642355789357	19.334895708165195	0.09122156384506838	0.0235577	0.135092	0.5995798319327731
input/fig3ab_prs/sv//fold19.SV.0.05.sscore	SV	0.05	19	734.9942196531792	92.108027658093	45.82002072517929	0.04440858928621744	0.0333326	0.14375	0.6126050420168068
input/fig3ab_prs/sv//fold19.SV.0.1.sscore	SV	0.1	19	1352.4624277456646	127.75314170405471	68.79007968556364	0.06329054984667544	0.0281303	0.139142	0.6078431372549019
input/fig3ab_prs/sv//fold2.SV.0.0001.sscore	SV	1e-4	2	7.965317919075145	4.673297549288627	2.503805560446875	0.06197454410790165	0.0292653	0.215413	0.5764705882352941
input/fig3ab_prs/sv//fold2.SV.0.001.sscore	SV	0.001	2	35.94219653179191	10.473187114719586	7.494797636299124	0.1622950475838939	0.0163704	0.20499	0.5794117647058824
input/fig3ab_prs/sv//fold2.SV.0.01.sscore	SV	0.01	2	187.58381502890174	26.469620501222153	21.723142025706487	0.22303451528557008	0.0125369	0.201892	0.55
input/fig3ab_prs/sv//fold2.SV.0.05.sscore	SV	0.05	2	737.0751445086705	131.9792560470859	56.0390644315609	0.018516249536407306	0.04827	0.230773	0.611624649859944
input/fig3ab_prs/sv//fold2.SV.0.1.sscore	SV	0.1	2	1340.78612716763	210.0031839965117	84.58840218382085	0.013041007031872186	0.053028	0.234619	0.6126050420168068
input/fig3ab_prs/sv//fold20.SV.0.0001.sscore	SV	1e-4	20	5.861271676300578	2.157104258151123	1.9579121342250383	0.27057602257207397	0.00961966	0.0640266	0.5597014925373134
input/fig3ab_prs/sv//fold20.SV.0.001.sscore	SV	0.001	20	35.82658959537572	11.33591401213761	6.448593220351092	0.07876632065897159	0.0249334	0.0784991	0.584342438749648
input/fig3ab_prs/sv//fold20.SV.0.01.sscore	SV	0.01	20	197.47976878612718	63.71085130809329	22.936499474730986	0.005474413313481478	0.0669173	0.118177	0.6094058011827654
input/fig3ab_prs/sv//fold20.SV.0.05.sscore	SV	0.05	20	708.6242774566474	147.97271294310644	50.00779536938638	0.0030864618233531387	0.0748097	0.125635	0.6493945367502112
input/fig3ab_prs/sv//fold20.SV.0.1.sscore	SV	0.1	20	1348.2312138728323	254.80344700008152	79.21751211332771	0.0012976271088856247	0.0890259	0.139071	0.6541819205857505
input/fig3ab_prs/sv//fold21.SV.0.0001.sscore	SV	1e-4	21	5.92	2.4665818613470982	2.1510246334686456	0.25150526257484324	0.0106631	0.148494	0.5824446267432322
input/fig3ab_prs/sv//fold21.SV.0.001.sscore	SV	0.001	21	25.92	5.960941194259146	5.522636309015466	0.2804249781313869	0.00939386	0.147401	0.572463768115942
input/fig3ab_prs/sv//fold21.SV.0.01.sscore	SV	0.01	21	173.71428571428572	61.26285099227945	20.250852675173487	0.002484699207769297	0.0774816	0.206003	0.6546349466776046
input/fig3ab_prs/sv//fold21.SV.0.05.sscore	SV	0.05	21	736.8114285714286	205.70085639976153	51.68562278866659	6.895971650031326e-5	0.143867	0.26314	0.6919606234618539
input/fig3ab_prs/sv//fold21.SV.0.1.sscore	SV	0.1	21	1342.3771428571429	352.4767972714225	83.28988127369685	2.3169638072199662e-5	0.166159	0.282327	0.6970194148208915
input/fig3ab_prs/sv//fold22.SV.0.0001.sscore	SV	1e-4	22	3.8735632183908044	5.108150387171799	1.8137439441140653	0.004857166598245884	0.0651313	0.194987	0.6271911663216012
input/fig3ab_prs/sv//fold22.SV.0.001.sscore	SV	0.001	22	31.862068965517242	25.486417742880704	7.009177239574232	2.7674353981509684e-4	0.115646	0.238485	0.6649413388543823
input/fig3ab_prs/sv//fold22.SV.0.01.sscore	SV	0.01	22	183.51724137931035	61.120283420822716	19.478255988031428	0.0017017889665815174	0.0859099	0.212879	0.6433402346445825
input/fig3ab_prs/sv//fold22.SV.0.05.sscore	SV	0.05	22	758.8965517241379	159.07967152363528	46.881016280854084	6.906500549316651e-4	0.099567	0.22464	0.6561766735679779
input/fig3ab_prs/sv//fold22.SV.0.1.sscore	SV	0.1	22	1392.7356321839081	243.93169206287044	72.51500350941684	7.685525150417575e-4	0.0985451	0.22376	0.6524499654934438
input/fig3ab_prs/sv//fold23.SV.0.0001.sscore	SV	1e-4	23	11.942528735632184	10.423705268125815	3.9930550851309867	0.009042089716874847	0.0606711	0.286217	0.6153899240855762
input/fig3ab_prs/sv//fold23.SV.0.001.sscore	SV	0.001	23	27.896551724137932	13.664719782135537	6.1764909475365	0.02694070196432859	0.0426363	0.272513	0.6010351966873706
input/fig3ab_prs/sv//fold23.SV.0.01.sscore	SV	0.01	23	197.28735632183907	46.00399853170937	23.480462385061923	0.050084001704903756	0.0333313	0.265442	0.5922705314009662
input/fig3ab_prs/sv//fold23.SV.0.05.sscore	SV	0.05	23	728.6321839080459	128.71686959492206	51.97666949807593	0.013270159950431487	0.0539349	0.281098	0.6005521048999309
input/fig3ab_prs/sv//fold23.SV.0.1.sscore	SV	0.1	23	1366.3218390804598	127.20376205590075	73.05530879889817	0.08164886696000716	0.0257676	0.259694	0.5725327812284334
input/fig3ab_prs/sv//fold24.SV.0.0001.sscore	SV	1e-4	24	13.89655172413793	-0.7935091803629942	3.4463173745974025	0.8178987274073949	4.24413e-4	0.0916768	0.49486681465038845
input/fig3ab_prs/sv//fold24.SV.0.001.sscore	SV	0.001	24	35.89655172413793	2.0188958470878826	6.58223405887708	0.759057312913946	7.51946e-4	0.0919744	0.49902885682574916
input/fig3ab_prs/sv//fold24.SV.0.01.sscore	SV	0.01	24	185.6551724137931	43.573202744261884	20.218105964867902	0.03114951126194733	0.0381195	0.125931	0.5837957824639289
input/fig3ab_prs/sv//fold24.SV.0.05.sscore	SV	0.05	24	769.0459770114943	86.58918028403667	51.21034580803614	0.09086483158707084	0.0233404	0.112501	0.5880965593784684
input/fig3ab_prs/sv//fold24.SV.0.1.sscore	SV	0.1	24	1416.7241379310344	103.18191749074721	76.12017212196083	0.17525402478164967	0.0148961	0.104827	0.5729744728079911
input/fig3ab_prs/sv//fold25.SV.0.0001.sscore	SV	1e-4	25	3.942857142857143	4.023640708561395	1.6446265728657963	0.014423576173481181	0.048261	0.0983169	0.5998769483182936
input/fig3ab_prs/sv//fold25.SV.0.001.sscore	SV	0.001	25	27.92	21.92234444654857	6.3985329207639365	6.121983606807596e-4	0.100463	0.147774	0.667076838939021
input/fig3ab_prs/sv//fold25.SV.0.01.sscore	SV	0.01	25	197.6457142857143	66.10274015980157	19.752149733879524	8.180623998228626e-4	0.0949353	0.142536	0.6539513262236806
input/fig3ab_prs/sv//fold25.SV.0.05.sscore	SV	0.05	25	780.8457142857143	88.97919566615958	47.09635305721453	0.05885148278872471	0.0286878	0.0797731	0.5808039376538147
input/fig3ab_prs/sv//fold25.SV.0.1.sscore	SV	0.1	25	1376.662857142857	184.8681056864579	75.18048950260189	0.013932832413220419	0.0488599	0.0988843	0.5933825540060159
input/fig3ab_prs/sv//fold26.SV.0.0001.sscore	SV	1e-4	26	11.885714285714286	13.693612571579086	3.973319426527242	5.681275643718779e-4	0.100158	0.227072	0.6338528848783156
input/fig3ab_prs/sv//fold26.SV.0.001.sscore	SV	0.001	26	29.885714285714286	22.471214307877936	7.06675391882673	0.0014735153099301403	0.0876935	0.216366	0.6217528028438611
input/fig3ab_prs/sv//fold26.SV.0.01.sscore	SV	0.01	26	173.74857142857144	50.04366700997291	19.21519988265058	0.00920408589080795	0.0572488	0.190215	0.5948865190046486
input/fig3ab_prs/sv//fold26.SV.0.05.sscore	SV	0.05	26	735.1885714285714	137.40936244229613	51.34904597822376	0.007450960902852629	0.0598822	0.192477	0.626196335794367
input/fig3ab_prs/sv//fold26.SV.0.1.sscore	SV	0.1	26	1386.8114285714287	250.87214502469948	81.77572891398663	0.0021563591329884146	0.0795422	0.209364	0.6245556467049495
input/fig3ab_prs/sv//fold27.SV.0.0001.sscore	SV	1e-4	27	11.907514450867051	7.42259789770429	3.716226378133225	0.04578737567715475	0.0327852	0.155903	0.5672380156075808
input/fig3ab_prs/sv//fold27.SV.0.001.sscore	SV	0.001	27	25.90751445086705	11.048296350558038	5.910700472507356	0.061594640703079316	0.0287972	0.152423	0.592670011148272
input/fig3ab_prs/sv//fold27.SV.0.01.sscore	SV	0.01	27	211.46820809248555	48.31812465224659	21.340724307768898	0.023566262871341854	0.0426871	0.164544	0.5953177257525084
input/fig3ab_prs/sv//fold27.SV.0.05.sscore	SV	0.05	27	708.7398843930636	115.08501660137041	44.79050696994721	0.010187289937850636	0.0558583	0.176039	0.6158026755852842
input/fig3ab_prs/sv//fold27.SV.0.1.sscore	SV	0.1	27	1324.3699421965318	155.93068840456644	69.78281879990901	0.02544926974768288	0.0418831	0.163843	0.6057692307692307
input/fig3ab_prs/sv//fold28.SV.0.0001.sscore	SV	1e-4	28	5.953488372093023	6.730844683970476	2.2547455020086793	0.0028340183776243504	0.0786066	0.233564	0.6249999999999999
input/fig3ab_prs/sv//fold28.SV.0.001.sscore	SV	0.001	28	27.941860465116278	17.937686406191265	6.719659472883468	0.007597923951160123	0.0630906	0.220658	0.5996182126696833
input/fig3ab_prs/sv//fold28.SV.0.01.sscore	SV	0.01	28	211.47674418604652	59.1452095123718	23.996121251278527	0.013709660616988436	0.0531553	0.212393	0.5933257918552036
input/fig3ab_prs/sv//fold28.SV.0.05.sscore	SV	0.05	28	762.9418604651163	101.28074238138636	52.16824446725876	0.0522067289297759	0.0321199	0.194896	0.5849830316742082
input/fig3ab_prs/sv//fold28.SV.0.1.sscore	SV	0.1	28	1370.6162790697674	92.5499518181189	73.4890346379111	0.20789639457476156	0.0132041	0.179161	0.5523190045248869
input/fig3ab_prs/sv//fold29.SV.0.0001.sscore	SV	1e-4	29	5.953757225433526	5.644388150949727	2.062797919465003	0.006213854435218275	0.062301	0.134713	0.5994397759103641
input/fig3ab_prs/sv//fold29.SV.0.001.sscore	SV	0.001	29	35.95375722543353	20.653214200789215	6.906437149515931	0.0027858532195964166	0.0767623	0.148058	0.6195378151260504
input/fig3ab_prs/sv//fold29.SV.0.01.sscore	SV	0.01	29	187.71098265895955	52.33852300781081	19.013642515720036	0.005910917178617794	0.0631879	0.135532	0.62296918767507
input/fig3ab_prs/sv//fold29.SV.0.05.sscore	SV	0.05	29	705.3410404624277	164.49404679079697	48.67446921366948	7.262498234602278e-4	0.0968999	0.16664	0.6669467787114846
input/fig3ab_prs/sv//fold29.SV.0.1.sscore	SV	0.1	29	1362.7052023121387	206.0963289394963	73.87945129324787	0.005276831777139273	0.0645054	0.136748	0.6480392156862745
input/fig3ab_prs/sv//fold3.SV.0.0001.sscore	SV	1e-4	3	7.907514450867052	11.435967487896955	3.048942085240078	1.7627229708420925e-4	0.12342500000000001	0.194262	0.6507107023411371
input/fig3ab_prs/sv//fold3.SV.0.001.sscore	SV	0.001	3	33.895953757225435	22.18270092301864	6.971105522264832	0.0014621523359474183	0.0857538	0.159635	0.6493171683389075
input/fig3ab_prs/sv//fold3.SV.0.01.sscore	SV	0.01	3	175.67630057803467	52.242756312394576	17.993998507340876	0.003692015945882886	0.0702308	0.145367	0.6440914158305463
input/fig3ab_prs/sv//fold3.SV.0.05.sscore	SV	0.05	3	749.028901734104	169.08062001896724	49.18314090125315	5.865127223496925e-4	0.100233	0.172944	0.6555183946488294
input/fig3ab_prs/sv//fold3.SV.0.1.sscore	SV	0.1	3	1382.5433526011561	158.78361786064556	67.7172246965136	0.019037085268702545	0.0449663	0.122144	0.6106465997770345
input/fig3ab_prs/sv//fold30.SV.0.0001.sscore	SV	1e-4	30	7.885714285714286	5.393019657286138	2.536185760515635	0.03346753203825562	0.0363082	0.101314	0.5758818703855619
input/fig3ab_prs/sv//fold30.SV.0.001.sscore	SV	0.001	30	33.84	6.289101931140781	5.774751709314364	0.2761235459974072	0.00943482	0.076253	0.5345911949685535
input/fig3ab_prs/sv//fold30.SV.0.01.sscore	SV	0.01	30	207.3257142857143	45.58273494076962	20.070044636800446	0.02313592998586603	0.0419729	0.106596	0.6025430680885973
input/fig3ab_prs/sv//fold30.SV.0.05.sscore	SV	0.05	30	732.8685714285714	58.00708513142571	46.548631293323695	0.21270532366085265	0.0123919	0.0790107	0.5576975663111841
input/fig3ab_prs/sv//fold30.SV.0.1.sscore	SV	0.1	30	1326.6857142857143	99.1531885308784	70.25595455053165	0.158152147697913	0.0159766	0.0823535	0.5564670494941208
input/fig3ab_prs/sv//fold31.SV.0.0001.sscore	SV	1e-4	31	7.942857142857143	7.461496670282469	2.65820476158382	0.005001015288499247	0.0652161	0.131132	0.6073967733114575
input/fig3ab_prs/sv//fold31.SV.0.001.sscore	SV	0.001	31	37.87428571428571	16.16431638775619	6.988086667216603	0.020715780028300747	0.0430258	0.110507	0.5777960076565491
input/fig3ab_prs/sv//fold31.SV.0.01.sscore	SV	0.01	31	173.57714285714286	32.49141443313061	17.063496671489272	0.05689097764734846	0.0291781	0.0976353	0.5840853158326498
input/fig3ab_prs/sv//fold31.SV.0.05.sscore	SV	0.05	31	770.8571428571429	90.66582494146292	44.572778599036816	0.04194075411570948	0.0333313	0.101496	0.5870932458299153
input/fig3ab_prs/sv//fold31.SV.0.1.sscore	SV	0.1	31	1368.6171428571429	100.10866233359249	64.85610419441832	0.1226973009311359	0.0189633	0.0881409	0.5634399781241455
input/fig3ab_prs/sv//fold32.SV.0.0001.sscore	SV	1e-4	32	9.874285714285714	6.946659483674381	3.0767929283449207	0.023960636772913147	0.0415143	0.122117	0.5935192780968006
input/fig3ab_prs/sv//fold32.SV.0.001.sscore	SV	0.001	32	41.85142857142857	9.114221759879754	7.163455641013568	0.20325875724145623	0.0129346	0.0959404	0.5691823899371069
input/fig3ab_prs/sv//fold32.SV.0.01.sscore	SV	0.01	32	185.73714285714286	9.346860222620569	17.85471886719829	0.6006296671453955	0.00217902	0.0860892	0.5460760185944764
input/fig3ab_prs/sv//fold32.SV.0.05.sscore	SV	0.05	32	704.7771428571428	96.45965063062188	46.02448617938336	0.03609698146895015	0.0356411	0.116737	0.5918785890073831
input/fig3ab_prs/sv//fold32.SV.0.1.sscore	SV	0.1	32	1392.3657142857144	236.0830509640434	75.56383409456002	0.001782369437259815	0.0817912	0.159007	0.6613344271260596
input/fig3ab_prs/sv//fold33.SV.0.0001.sscore	SV	1e-4	33	9.942857142857143	2.3253789257611857	2.998615521425901	0.4380536046665706	0.00491108	0.153296	0.5439567951873121
input/fig3ab_prs/sv//fold33.SV.0.001.sscore	SV	0.001	33	37.862857142857145	9.24934870480966	6.843988631266385	0.17654944267299538	0.0150347	0.16191	0.5620043751709052
input/fig3ab_prs/sv//fold33.SV.0.01.sscore	SV	0.01	33	191.65714285714284	28.993533934317785	19.66275886191546	0.1403361263771344	0.0178867	0.164336	0.5481268799562483
input/fig3ab_prs/sv//fold33.SV.0.05.sscore	SV	0.05	33	780.5485714285714	68.81998729792673	45.07950318019262	0.12685157819192083	0.0190835	0.165355	0.5615258408531584
input/fig3ab_prs/sv//fold33.SV.0.1.sscore	SV	0.1	33	1408.2742857142857	98.16290860559555	69.443098979708	0.15748723375142862	0.0163501	0.163029	0.5393765381460214
input/fig3ab_prs/sv//fold34.SV.0.0001.sscore	SV	1e-4	34	7.931034482758621	2.6986450547582685	2.325536241562775	0.2458697477381656	0.0112509	0.231152	0.5868875086266392
input/fig3ab_prs/sv//fold34.SV.0.001.sscore	SV	0.001	34	29.896551724137932	5.422845551530149	6.478249420092953	0.40254477948025136	0.00585111	0.226953	0.5788129744651483
input/fig3ab_prs/sv//fold34.SV.0.01.sscore	SV	0.01	34	201.45977011494253	67.72426865814134	22.941206035819185	0.0031564144797075642	0.0761055	0.28158300000000003	0.6772946859903382
input/fig3ab_prs/sv//fold34.SV.0.05.sscore	SV	0.05	34	734.8620689655172	156.17309975420596	54.78086403515692	0.004359984641729146	0.0701719	0.276969	0.6162870945479642
input/fig3ab_prs/sv//fold34.SV.0.1.sscore	SV	0.1	34	1366.655172413793	134.28384686999902	81.53200683670917	0.09955645354243668	0.0228232	0.24015	0.5588681849551415
input/fig3ab_prs/sv//fold35.SV.0.0001.sscore	SV	1e-4	35	7.954022988505747	7.600913402991527	2.650759049349559	0.0041379696185724	0.0678576	0.160847	0.6282263630089717
input/fig3ab_prs/sv//fold35.SV.0.001.sscore	SV	0.001	35	37.93103448275862	15.592629659608116	7.52984526594154	0.03837964964321777	0.0351101	0.131367	0.6096618357487923
input/fig3ab_prs/sv//fold35.SV.0.01.sscore	SV	0.01	35	181.8505747126437	19.719979178900573	17.921936527464986	0.2711899510529751	0.00975586	0.108542	0.5648033126293995
input/fig3ab_prs/sv//fold35.SV.0.05.sscore	SV	0.05	35	733.1494252873563	125.20370588015297	47.58962099314319	0.008515818387303755	0.0577228	0.151724	0.603312629399586
input/fig3ab_prs/sv//fold35.SV.0.1.sscore	SV	0.1	35	1346.6666666666667	135.88096121805978	72.03321987662561	0.05924575496654124	0.0289884	0.125856	0.5812284334023464
input/fig3ab_prs/sv//fold36.SV.0.0001.sscore	SV	1e-4	36	11.919540229885058	6.537900194462936	3.58762581836006	0.06840230670203437	0.027729	0.183259	0.5891370699223085
input/fig3ab_prs/sv//fold36.SV.0.001.sscore	SV	0.001	36	29.919540229885058	4.0890921634847155	6.400530704853881	0.5229090189696453	0.00334263	0.162774	0.5680493895671477
input/fig3ab_prs/sv//fold36.SV.0.01.sscore	SV	0.01	36	197.39080459770116	39.50246573273895	21.81073961024459	0.07011802798878139	0.0274774	0.183048	0.5750554938956715
input/fig3ab_prs/sv//fold36.SV.0.05.sscore	SV	0.05	36	759.080459770115	97.37547751222361	50.117563034226734	0.052023264532658826	0.0315054	0.186431	0.6062708102108768
input/fig3ab_prs/sv//fold36.SV.0.1.sscore	SV	0.1	36	1362.8275862068965	126.37827459582695	75.60338974910927	0.09460414273774999	0.0233299	0.179564	0.5899001109877914
input/fig3ab_prs/sv//fold37.SV.0.0001.sscore	SV	1e-4	37	9.872832369942197	7.722971333533664	3.5685758106201027	0.03045202238661281	0.0414282	0.249681	0.6107843137254901
input/fig3ab_prs/sv//fold37.SV.0.001.sscore	SV	0.001	37	21.872832369942195	20.128970461046162	6.142489648760644	0.001049144407630285	0.0983836	0.294262	0.6661764705882353
input/fig3ab_prs/sv//fold37.SV.0.01.sscore	SV	0.01	37	167.80346820809248	81.13265553004508	22.307905199196483	2.758893116795969e-4	0.1192	0.310556	0.673389355742297
input/fig3ab_prs/sv//fold37.SV.0.05.sscore	SV	0.05	37	728.7745664739884	224.32563573016563	59.09786216335651	1.4714832817766375e-4	0.135114	0.323013	0.6913165266106442
input/fig3ab_prs/sv//fold37.SV.0.1.sscore	SV	0.1	37	1388.4508670520231	320.4253573773695	87.45468617301525	2.4840232680982047e-4	0.120189	0.311331	0.661344537815126
input/fig3ab_prs/sv//fold38.SV.0.0001.sscore	SV	1e-4	38	9.894736842105264	2.978613721814435	2.9417168162592806	0.3112786680841227	0.00834226	0.11412	0.5502296211251435
input/fig3ab_prs/sv//fold38.SV.0.001.sscore	SV	0.001	38	33.89473684210526	6.322389839645673	6.512501932467117	0.3316438320277101	0.007723	0.113566	0.548076923076923
input/fig3ab_prs/sv//fold38.SV.0.01.sscore	SV	0.01	38	193.5438596491228	60.38685171802286	22.22043993803662	0.006575205739790305	0.0637662	0.163632	0.6138059701492538
input/fig3ab_prs/sv//fold38.SV.0.05.sscore	SV	0.05	38	760.8187134502924	126.0430947294591	52.67352586476322	0.016715264668451555	0.0480041	0.149551	0.6317451205510907
input/fig3ab_prs/sv//fold38.SV.0.1.sscore	SV	0.1	38	1402.5730994152048	161.35736736063598	77.70300122603606	0.03783930722038816	0.0357355	0.138591	0.6105051664753157
input/fig3ab_prs/sv//fold39.SV.0.0001.sscore	SV	1e-4	39	5.953488372093023	5.887119630268982	2.606309817746309	0.02389613861549231	0.0433312	0.144869	0.5944570135746606
input/fig3ab_prs/sv//fold39.SV.0.001.sscore	SV	0.001	39	29.930232558139537	13.823775389479518	6.150219226610972	0.02459607682162844	0.042065	0.143737	0.560308257918552
input/fig3ab_prs/sv//fold39.SV.0.01.sscore	SV	0.01	39	171.61627906976744	62.941488174761936	21.695420097782637	0.003718056941646084	0.072778	0.17119	0.5917703619909502
input/fig3ab_prs/sv//fold39.SV.0.05.sscore	SV	0.05	39	709.046511627907	146.89598066510618	48.667780168800924	0.0025416231445813354	0.0792242	0.176952	0.6016685520361991
input/fig3ab_prs/sv//fold39.SV.0.1.sscore	SV	0.1	39	1364.593023255814	311.4808930507359	79.31853954615327	8.6025555456171e-5	0.143007	0.233965	0.6456447963800905
input/fig3ab_prs/sv//fold4.SV.0.0001.sscore	SV	1e-4	4	9.92	8.509023397261073	3.4220108448019895	0.012898607672855195	0.0517399	0.162795	0.6127290128520646
input/fig3ab_prs/sv//fold4.SV.0.001.sscore	SV	0.001	4	33.90857142857143	12.77724361873306	6.961813295834074	0.06645640823456432	0.0279404	0.141783	0.5668580803937654
input/fig3ab_prs/sv//fold4.SV.0.01.sscore	SV	0.01	4	193.61142857142858	24.229684533181704	19.220540135307015	0.20744790428238727	0.0129053	0.128509	0.5690456658463221
input/fig3ab_prs/sv//fold4.SV.0.05.sscore	SV	0.05	4	764.9142857142857	90.38930785093993	50.15355332218757	0.07150587314668477	0.0264814	0.140495	0.6041837571780148
input/fig3ab_prs/sv//fold4.SV.0.1.sscore	SV	0.1	4	1330.6285714285714	105.34616841283268	75.61956453941886	0.16358734183084114	0.0157938	0.131059	0.5719168717528028
input/fig3ab_prs/sv//fold40.SV.0.0001.sscore	SV	1e-4	40	7.931034482758621	1.9882874399673836	2.741948700330104	0.46836821453906863	0.00435302	0.19674	0.5275362318840581
input/fig3ab_prs/sv//fold40.SV.0.001.sscore	SV	0.001	40	35.91954022988506	18.297457843760835	7.556479442251113	0.015459736739295368	0.0504068	0.233894	0.574672187715666
input/fig3ab_prs/sv//fold40.SV.0.01.sscore	SV	0.01	40	199.42528735632183	18.76287323294244	21.634203906811734	0.38578960304375476	0.00625557	0.198275	0.5900621118012422
input/fig3ab_prs/sv//fold40.SV.0.05.sscore	SV	0.05	40	722.8965517241379	117.00220082760538	51.174217415548156	0.022233758003742922	0.0447638	0.229342	0.610351966873706
input/fig3ab_prs/sv//fold40.SV.0.1.sscore	SV	0.1	40	1354.5747126436781	146.6262880709809	76.44375872366416	0.055099137700397	0.0309853	0.218226	0.601656314699793
input/fig3ab_prs/sv//fold41.SV.0.0001.sscore	SV	1e-4	41	7.908045977011494	8.131509972323013	2.7457560202601976	0.0030616132352382494	0.0733977	0.169312	0.6071725860155383
input/fig3ab_prs/sv//fold41.SV.0.001.sscore	SV	0.001	41	33.9080459770115	11.60690004090284	6.455863625264989	0.07219524182038459	0.0262385	0.127034	0.57415371809101
input/fig3ab_prs/sv//fold41.SV.0.01.sscore	SV	0.01	41	181.70114942528735	25.29713854338105	19.175364451586532	0.18708486795659837	0.014072	0.116127	0.5624306326304106
input/fig3ab_prs/sv//fold41.SV.0.05.sscore	SV	0.05	41	746.6666666666666	145.2696693746515	50.596669481663525	0.004090059085549233	0.069663	0.165964	0.6358213096559379
input/fig3ab_prs/sv//fold41.SV.0.1.sscore	SV	0.1	41	1358.3218390804598	199.82166364296947	77.06508334285299	0.009517184218056	0.0563148	0.153997	0.6338790233074362
input/fig3ab_prs/sv//fold42.SV.0.0001.sscore	SV	1e-4	42	7.908571428571428	5.197193394102014	2.4316299205098195	0.03257123344956876	0.0370985	0.144559	0.5702078206179929
input/fig3ab_prs/sv//fold42.SV.0.001.sscore	SV	0.001	42	37.89714285714286	21.061027843265506	6.88177937942091	0.0022103831920582185	0.077989	0.180886	0.6216160787530763
input/fig3ab_prs/sv//fold42.SV.0.01.sscore	SV	0.01	42	167.71428571428572	46.08504399086742	17.143657533810906	0.007184508434016883	0.0603191	0.165188	0.6158053048947224
input/fig3ab_prs/sv//fold42.SV.0.05.sscore	SV	0.05	42	722.7657142857142	189.8403353545498	49.22721247515351	1.1506423494146034e-4	0.129438	0.226594	0.675827180749248
input/fig3ab_prs/sv//fold42.SV.0.1.sscore	SV	0.1	42	1372.48	292.9220284739821	81.00070650850394	2.988557889629066e-4	0.113594	0.212517	0.6814328684714247
input/fig3ab_prs/sv//fold43.SV.0.0001.sscore	SV	1e-4	43	7.908571428571428	5.6949152302477515	2.3033483866889015	0.013419023709480756	0.0491151	0.120135	0.6017227235438884
input/fig3ab_prs/sv//fold43.SV.0.001.sscore	SV	0.001	43	27.908571428571427	23.695887026442346	6.659870505276745	3.736748410036867e-4	0.108194	0.174802	0.6573694284933005
input/fig3ab_prs/sv//fold43.SV.0.01.sscore	SV	0.01	43	187.50857142857143	61.63593113235629	20.515941216442148	0.0026619744332322805	0.0753465	0.144407	0.640278917145201
input/fig3ab_prs/sv//fold43.SV.0.05.sscore	SV	0.05	43	741.0171428571429	93.88406639430889	50.186605279584164	0.06138671932131668	0.0284312	0.100996	0.6095159967186218
input/fig3ab_prs/sv//fold43.SV.0.1.sscore	SV	0.1	43	1344.4457142857143	145.8423387748279	73.48562859018564	0.0471848101055953	0.0316962	0.104017	0.5995351380913317
input/fig3ab_prs/sv//fold44.SV.0.0001.sscore	SV	1e-4	44	13.92	-0.9855822942798321	4.087826336594959	0.8094762165058375	4.84413e-4	0.224885	0.5211238720262511
input/fig3ab_prs/sv//fold44.SV.0.001.sscore	SV	0.001	44	39.92	3.5388240219971765	7.613617087895668	0.642073295633617	0.00179982	0.225905	0.5518184304074378
input/fig3ab_prs/sv//fold44.SV.0.01.sscore	SV	0.01	44	191.6342857142857	12.027714770523506	21.09789063348491	0.5686160690326514	0.00271409	0.226614	0.5199617172545803
input/fig3ab_prs/sv//fold44.SV.0.05.sscore	SV	0.05	44	741.04	57.47464798926051	47.8089444691707	0.22929629891864528	0.0120872	0.233883	0.5399234345091605
input/fig3ab_prs/sv//fold44.SV.0.1.sscore	SV	0.1	44	1322.7314285714285	104.00084224099524	68.58650463835738	0.12943199531131178	0.0192476	0.239436	0.5553732567678425
input/fig3ab_prs/sv//fold45.SV.0.0001.sscore	SV	1e-4	45	11.862068965517242	6.360196040001686	3.302226739956229	0.05410031526606596	0.0305095	0.166324	0.5593784683684795
input/fig3ab_prs/sv//fold45.SV.0.001.sscore	SV	0.001	45	33.86206896551724	10.563039822457705	6.9392882665502835	0.12795698174715797	0.0190797	0.156495	0.5483490566037735
input/fig3ab_prs/sv//fold45.SV.0.01.sscore	SV	0.01	45	193.55172413793105	32.98544472585569	21.910295658087662	0.13220150273844178	0.0185104	0.156006	0.5899001109877914
input/fig3ab_prs/sv//fold45.SV.0.05.sscore	SV	0.05	45	756.816091954023	62.40662846705664	47.662366026164825	0.19041646282360222	0.0140417	0.152163	0.568118756936737
input/fig3ab_prs/sv//fold45.SV.0.1.sscore	SV	0.1	45	1400.5632183908046	142.31260752268403	80.79265333464127	0.07816145582837232	0.0255839	0.162088	0.5732519422863485
input/fig3ab_prs/sv//fold46.SV.0.0001.sscore	SV	1e-4	46	7.930635838150289	5.557616502139469	2.5462770786172206	0.029062033553611918	0.0383918	0.137547	0.5563725490196079
input/fig3ab_prs/sv//fold46.SV.0.001.sscore	SV	0.001	46	37.91907514450867	15.95572006821198	7.565804328828083	0.03495098545016906	0.0368487	0.136163	0.5781512605042016
input/fig3ab_prs/sv//fold46.SV.0.01.sscore	SV	0.01	46	201.56069364161849	50.98774235154415	19.86395430010136	0.010262772255712286	0.0557342	0.153102	0.6098039215686275
input/fig3ab_prs/sv//fold46.SV.0.05.sscore	SV	0.05	46	732.7976878612717	122.42259182986662	48.529830704384096	0.01164823546012881	0.0530038	0.150653	0.6312324929971989
input/fig3ab_prs/sv//fold46.SV.0.1.sscore	SV	0.1	46	1342.5317919075144	200.54712009762414	73.74304485085237	0.006537289524551786	0.0617392	0.158487	0.6257703081232493
input/fig3ab_prs/sv//fold47.SV.0.0001.sscore	SV	1e-4	47	9.89655172413793	2.50962310615791	2.5172280140385674	0.31877477312370667	0.00791049	0.0830335	0.5492063492063491
input/fig3ab_prs/sv//fold47.SV.0.001.sscore	SV	0.001	47	29.896551724137932	10.789457017443583	5.269680857587885	0.040613010260115136	0.0342197	0.107351	0.5970324361628709
input/fig3ab_prs/sv//fold47.SV.0.01.sscore	SV	0.01	47	211.48275862068965	30.307394277479442	19.116178788603644	0.11286830203756638	0.0202196	0.0944106	0.5889579020013803
input/fig3ab_prs/sv//fold47.SV.0.05.sscore	SV	0.05	47	750.9080459770115	98.92682168612646	47.23476642163542	0.03622751559620598	0.0356342	0.108658	0.5955831608005521
input/fig3ab_prs/sv//fold47.SV.0.1.sscore	SV	0.1	47	1380.551724137931	99.8911712659809	71.40643261551006	0.16183997926599708	0.0157364	0.0902668	0.5827467218771566
input/fig3ab_prs/sv//fold48.SV.0.0001.sscore	SV	1e-4	48	9.895348837209303	11.08760938798845	3.653221923360211	0.0024051803708862863	0.0855803	0.336141	0.6300197963800905
input/fig3ab_prs/sv//fold48.SV.0.001.sscore	SV	0.001	48	29.88372093023256	27.34902126654709	8.177467955766296	8.244993966510556e-4	0.105976	0.350949	0.6432409502262444
input/fig3ab_prs/sv//fold48.SV.0.01.sscore	SV	0.01	48	169.54651162790697	59.62414063331914	21.29110325865743	0.005103534456697122	0.0736519	0.327482	0.5995475113122172
input/fig3ab_prs/sv//fold48.SV.0.05.sscore	SV	0.05	48	712.8604651162791	216.65228798592395	58.35442390484793	2.0506242400493462e-4	0.131477	0.369462	0.6511595022624435
input/fig3ab_prs/sv//fold48.SV.0.1.sscore	SV	0.1	48	1398.6046511627908	401.2297258494603	101.53309617514742	7.759354218104436e-5	0.15164	0.3841	0.6682692307692307
input/fig3ab_prs/sv//fold49.SV.0.0001.sscore	SV	1e-4	49	5.930232558139535	2.736414943311258	1.984333707038719	0.16789183882537934	0.0155061	0.136526	0.5559954751131222
input/fig3ab_prs/sv//fold49.SV.0.001.sscore	SV	0.001	49	39.93023255813954	13.326024170701148	7.584939480742372	0.07893386678094917	0.0257221	0.145486	0.568156108597285
input/fig3ab_prs/sv//fold49.SV.0.01.sscore	SV	0.01	49	191.67441860465115	14.153678263462025	21.238125802031053	0.5051376738614024	0.00363766	0.126116	0.5230486425339367
input/fig3ab_prs/sv//fold49.SV.0.05.sscore	SV	0.05	49	753.2441860465116	75.26776749346736	47.922790964898866	0.11627446475967057	0.0202931	0.140724	0.567024886877828
input/fig3ab_prs/sv//fold49.SV.0.1.sscore	SV	0.1	49	1444.906976744186	69.66804754435053	71.25087265123264	0.3281805808870477	0.00782991	0.129793	0.533512443438914
input/fig3ab_prs/sv//fold5.SV.0.0001.sscore	SV	1e-4	5	7.976878612716763	7.19702648648072	2.770764332311199	0.009390846240152935	0.0552518	0.153014	0.5923669467787115
input/fig3ab_prs/sv//fold5.SV.0.001.sscore	SV	0.001	5	33.96531791907515	11.686687296247976	6.343050849527415	0.06541089165966502	0.027903	0.128495	0.5719887955182072
input/fig3ab_prs/sv//fold5.SV.0.01.sscore	SV	0.01	5	193.7456647398844	47.568962521465224	18.247383522534644	0.009136810944105171	0.0574944	0.155025	0.615546218487395
input/fig3ab_prs/sv//fold5.SV.0.05.sscore	SV	0.05	5	723.1329479768787	104.49868067691958	46.701345971188566	0.02524750246136358	0.0419731	0.14111	0.5767507002801121
input/fig3ab_prs/sv//fold5.SV.0.1.sscore	SV	0.1	5	1360.8901734104047	226.1285379230016	79.9883464573486	0.004698360852433407	0.0685818	0.164965	0.5948179271708683
input/fig3ab_prs/sv//fold50.SV.0.0001.sscore	SV	1e-4	50	3.9314285714285715	5.026839326205763	1.796659621544337	0.0051439103975029305	0.0661348	0.196268	0.624145474432595
input/fig3ab_prs/sv//fold50.SV.0.001.sscore	SV	0.001	50	27.92	12.305552517208966	5.693930039494183	0.03068218638577564	0.0382052	0.172231	0.5674049767569046
input/fig3ab_prs/sv//fold50.SV.0.01.sscore	SV	0.01	50	183.6	73.86581722845504	22.525079957337812	0.0010407603668117131	0.096022	0.221991	0.6215477167076838
input/fig3ab_prs/sv//fold50.SV.0.05.sscore	SV	0.05	50	762.9714285714285	197.73095612384208	57.308346076991306	5.599650055729623e-4	0.105646	0.230273	0.6583264971287941
input/fig3ab_prs/sv//fold50.SV.0.1.sscore	SV	0.1	50	1370.7428571428572	183.45416167735573	76.68022197961521	0.016735972492226116	0.0481081	0.180754	0.6071916871752803
input/fig3ab_prs/sv//fold51.SV.0.0001.sscore	SV	1e-4	51	5.965714285714285	3.694210828354633	1.7952758039096288	0.039615098659183536	0.0340832	0.15119	0.5620727372162976
input/fig3ab_prs/sv//fold51.SV.0.001.sscore	SV	0.001	51	29.954285714285714	8.336826762542394	5.613616219471747	0.1375151980694504	0.0178535	0.136928	0.5584495488105004
input/fig3ab_prs/sv//fold51.SV.0.01.sscore	SV	0.01	51	193.70285714285714	47.333728971125154	21.575258901616944	0.028243371070822924	0.0403883	0.156731	0.6026797921793821
input/fig3ab_prs/sv//fold51.SV.0.05.sscore	SV	0.05	51	780.9257142857143	116.08060791871935	51.586846154683045	0.024436391660772144	0.0415906	0.157787	0.603363412633306
input/fig3ab_prs/sv//fold51.SV.0.1.sscore	SV	0.1	51	1394.5485714285714	130.99455436367185	78.97833875369066	0.09719366010623823	0.0224316	0.140951	0.5686354935739677
input/fig3ab_prs/sv//fold52.SV.0.0001.sscore	SV	1e-4	52	7.919540229885057	1.8336078799177762	2.361139576198344	0.43740807781197877	0.00474805	0.0648129	0.5461007591442374
input/fig3ab_prs/sv//fold52.SV.0.001.sscore	SV	0.001	52	41.91954022988506	1.699988104541011	7.740772102458874	0.8261711653301802	3.81267e-4	0.0607097	0.5044858523119392
input/fig3ab_prs/sv//fold52.SV.0.01.sscore	SV	0.01	52	157.4367816091954	32.48126291815825	18.43365686922073	0.07805867035501472	0.0252072	0.0840373	0.577639751552795
input/fig3ab_prs/sv//fold52.SV.0.05.sscore	SV	0.05	52	754.6896551724138	67.46728735851491	45.44021377083358	0.13761046978260355	0.0177924	0.0770701	0.5665976535541754
input/fig3ab_prs/sv//fold52.SV.0.1.sscore	SV	0.1	52	1338.5402298850574	82.89320415992842	67.5972062117069	0.22009275663749567	0.0120162	0.0716424	0.5438233264320221
input/fig3ab_prs/sv//fold53.SV.0.0001.sscore	SV	1e-4	53	11.827586206896552	5.2233564052291275	3.2078651091554558	0.10346197342793537	0.0212622	0.0819473	0.5598343685300208
input/fig3ab_prs/sv//fold53.SV.0.001.sscore	SV	0.001	53	27.82758620689655	7.200589222255709	5.535134696854638	0.1932968611940614	0.0133972	0.0745699	0.5532091097308488
input/fig3ab_prs/sv//fold53.SV.0.01.sscore	SV	0.01	53	187.632183908046	43.687772639204155	19.227086210888174	0.023074472999854864	0.0418821	0.101289	0.6069013112491374
input/fig3ab_prs/sv//fold53.SV.0.05.sscore	SV	0.05	53	685.1149425287356	141.978133582495	45.03603468727242	0.0016185377870677965	0.084352	0.141125	0.6420979986197377
input/fig3ab_prs/sv//fold53.SV.0.1.sscore	SV	0.1	53	1322.7586206896551	172.44142921583494	69.2588793558724	0.012781151179567815	0.0513318	0.110152	0.62236024844720494
input/fig3ab_prs/sv//fold54.SV.0.0001.sscore	SV	1e-4	54	7.931034482758621	5.347381312754207	2.779626284226498	0.0543825326096118	0.0306909	0.172875	0.5647197558268591
input/fig3ab_prs/sv//fold54.SV.0.001.sscore	SV	0.001	54	37.93103448275862	17.808524094355466	7.844337566818909	0.02319306255640064	0.0438973	0.184144	0.5903163152053275
input/fig3ab_prs/sv//fold54.SV.0.01.sscore	SV	0.01	54	205.79310344827587	11.070490507908811	21.789844367373142	0.6114131269176231	0.00210302	0.148481	0.5342674805771365
input/fig3ab_prs/sv//fold54.SV.0.05.sscore	SV	0.05	54	715.1954022988506	80.2718562390262	47.47089651591233	0.09084255521306871	0.0234998	0.166739	0.5908712541620422
input/fig3ab_prs/sv//fold54.SV.0.1.sscore	SV	0.1	54	1346.9310344827586	180.18056176463884	72.91482114097929	0.013469428646002235	0.0511114	0.1903	0.6162597114317425
input/fig3ab_prs/sv//fold55.SV.0.0001.sscore	SV	1e-4	55	5.919540229885057	7.605980770972956	2.3457198488334026	0.0011848875595733455	0.0895302	0.287864	0.648515538290788
input/fig3ab_prs/sv//fold55.SV.0.001.sscore	SV	0.001	55	33.91954022988506	21.21344795580965	7.029805297764893	0.0025474819467219785	0.080256	0.28061	0.6372780244173141
input/fig3ab_prs/sv//fold55.SV.0.01.sscore	SV	0.01	55	187.82758620689654	70.60522982742313	23.527888925513178	0.002691683741341204	0.0812954	0.281423	0.6091842397336293
input/fig3ab_prs/sv//fold55.SV.0.05.sscore	SV	0.05	55	753	198.82054898360317	63.33596332400048	0.0016944362301439019	0.0906157	0.288713	0.642896781354051
input/fig3ab_prs/sv//fold55.SV.0.1.sscore	SV	0.1	55	1396.551724137931	183.74509592175025	87.36708230295352	0.03545364286355836	0.0384612	0.24792	0.597669256381798
input/fig3ab_prs/sv//fold56.SV.0.0001.sscore	SV	1e-4	56	9.874285714285714	7.70016191208729	3.0274252187657416	0.010975782506520272	0.0530753	0.131541	0.604388843314192
input/fig3ab_prs/sv//fold56.SV.0.001.sscore	SV	0.001	56	33.87428571428571	18.580037445746324	6.821954103496919	0.006458144806594	0.0615104	0.139277	0.60322668854252115
input/fig3ab_prs/sv//fold56.SV.0.01.sscore	SV	0.01	56	195.46285714285713	38.506303393761584	20.13999684405566	0.055884923285813216	0.0295743	0.109987	0.5801203171998907
input/fig3ab_prs/sv//fold56.SV.0.05.sscore	SV	0.05	56	736.8342857142857	95.90455897454602	47.771911731039495	0.04469100414046777	0.0325484	0.112715	0.578479628110473
input/fig3ab_prs/sv//fold56.SV.0.1.sscore	SV	0.1	56	1414.6742857142858	86.70625501103193	79.14424705780942	0.2732769969414359	0.00953845	0.0916114	0.5177741318020235
input/fig3ab_prs/sv//fold57.SV.0.0001.sscore	SV	1e-4	57	13.918604651162791	2.985529016633381	3.824761116286979	0.4350500224297582	0.00500379	0.153106	0.568946109469537
input/fig3ab_prs/sv//fold57.SV.0.001.sscore	SV	0.001	57	27.906976744186046	9.919472616972605	6.179686202328197	0.10845548212886764	0.0214519	0.167106	0.6067257633319263
input/fig3ab_prs/sv//fold57.SV.0.01.sscore	SV	0.01	57	195.62790697674419	23.893518995791176	19.24440637742785	0.21439062618903026	0.0127557	0.159705	0.5860419304910651
input/fig3ab_prs/sv//fold57.SV.0.05.sscore	SV	0.05	57	705	90.37052904130097	49.278353653028205	0.06667198422293401	0.0281377	0.172797	0.6245954692556634
input/fig3ab_prs/sv//fold57.SV.0.1.sscore	SV	0.1	57	1370.5813953488373	173.50373306417276	75.66474210679722	0.02184459686518981	0.0440291	0.186323	0.6099620092866188
input/fig3ab_prs/sv//fold58.SV.0.0001.sscore	SV	1e-4	58	9.906976744186046	2.775769656283179	2.724689376903938	0.3083230012111115	0.00860689	0.165356	0.5034115138592751
input/fig3ab_prs/sv//fold58.SV.0.001.sscore	SV	0.001	58	29.906976744186046	8.88713193227922	6.075499875565982	0.14352703665434444	0.0179886	0.173254	0.5420753375977256
input/fig3ab_prs/sv//fold58.SV.0.01.sscore	SV	0.01	58	195.5	49.2820321149033	21.714115435127635	0.02323277056955616	0.0434296	0.194673	0.5818052594171997
input/fig3ab_prs/sv//fold58.SV.0.05.sscore	SV	0.05	58	744.953488372093	107.54078264633624	48.70601061702233	0.027247262839536025	0.0408719	0.192519	0.6014214641080312
input/fig3ab_prs/sv//fold58.SV.0.1.sscore	SV	0.1	58	1368.6744186046512	135.97852363407083	72.41669864264132	0.06041902512964515	0.0296403	0.183064	0.5882018479033404
input/fig3ab_prs/sv//fold59.SV.0.0001.sscore	SV	1e-4	59	5.930635838150289	0.5384184807662027	2.2862191290149423	0.8138159686507238	4.67405e-4	0.223184	0.5211484593837535
input/fig3ab_prs/sv//fold59.SV.0.001.sscore	SV	0.001	59	29.884393063583815	11.74120276136631	6.168466433727878	0.05698533255893211	0.0313757	0.247206	0.6032913165266106
input/fig3ab_prs/sv//fold59.SV.0.01.sscore	SV	0.01	59	185.31791907514452	32.78615617535572	19.20753615158276	0.08783277521880484	0.0249898	0.24224300000000001	0.6242296918767507
input/fig3ab_prs/sv//fold59.SV.0.05.sscore	SV	0.05	59	762.6011560693642	59.77963356351675	45.386088663371666	0.18779317261172676	0.0146362	0.234196	0.5831932773109244
input/fig3ab_prs/sv//fold59.SV.0.1.sscore	SV	0.1	59	1318.5086705202311	119.99964370259246	73.66689372384438	0.10332372718421654	0.0226657	0.240437	0.603501400560224
input/fig3ab_prs/sv//fold6.SV.0.0001.sscore	SV	1e-4	6	9.885714285714286	5.499435510337953	3.002371208087706	0.0669965175118528	0.0273186	0.15009	0.5836751435602954
input/fig3ab_prs/sv//fold6.SV.0.001.sscore	SV	0.001	6	31.885714285714286	15.911773411060246	6.366992494966697	0.012450793129091586	0.0512654	0.171014	0.6193601312551271
input/fig3ab_prs/sv//fold6.SV.0.01.sscore	SV	0.01	6	207.56571428571428	46.81766934971208	21.3867455794998	0.028589760774047155	0.0398425	0.161033	0.6015859994531036
input/fig3ab_prs/sv//fold6.SV.0.05.sscore	SV	0.05	6	723.1542857142857	153.96025284133398	52.87830740459285	0.003595877273439473	0.0722151	0.189319	0.6454744325950232
input/fig3ab_prs/sv//fold6.SV.0.1.sscore	SV	0.1	6	1372.7542857142857	219.51115392054518	82.13051435387847	0.007524097223747641	0.060073	0.17871	0.6331692644243916
input/fig3ab_prs/sv//fold60.SV.0.0001.sscore	SV	1e-4	60	7.92	4.767024971076283	2.830005941901158	0.09209327020031609	0.0242703	0.256464	0.605072463768116
input/fig3ab_prs/sv//fold60.SV.0.001.sscore	SV	0.001	60	39.92	19.65791279134404	9.010473115952292	0.02913361861396203	0.0417178	0.269759	0.5936560021875854
input/fig3ab_prs/sv//fold60.SV.0.01.sscore	SV	0.01	60	179.6457142857143	34.40775782608113	21.00907421533133	0.10147240015752733	0.0228696	0.255396	0.5634399781241455
input/fig3ab_prs/sv//fold60.SV.0.05.sscore	SV	0.05	60	739.2457142857143	116.47542571463813	53.834988179489706	0.03049785069975287	0.0411286	0.26931	0.566447908121411
input/fig3ab_prs/sv//fold60.SV.0.1.sscore	SV	0.1	60	1392.902857142857	177.45148900673033	82.48190898391357	0.03144472723123021	0.0402173	0.268616	0.5936560021875854
input/fig3ab_prs/sv//fold61.SV.0.0001.sscore	SV	1e-4	61	11.874285714285714	8.448251722510596	3.2906475203311962	0.010247841478784658	0.0545987	0.160332	0.5816926442439159
input/fig3ab_prs/sv//fold61.SV.0.001.sscore	SV	0.001	61	31.874285714285715	15.858505540540127	6.276997668768702	0.011522258372012891	0.0529081	0.158831	0.6121821164889254
input/fig3ab_prs/sv//fold61.SV.0.01.sscore	SV	0.01	61	183.53142857142856	48.504598938582845	19.290533319673184	0.011922666405486363	0.0522246	0.158224	0.6190866830735575
input/fig3ab_prs/sv//fold61.SV.0.05.sscore	SV	0.05	61	752.7085714285714	170.69732737285895	50.38966127898809	7.052072785934972e-4	0.100859	0.201418	0.6544982225868198
input/fig3ab_prs/sv//fold61.SV.0.1.sscore	SV	0.1	61	1360.56	236.7049146452055	75.27928978975405	0.0016645259717138622	0.0849354	0.187276	0.6405523653267706
input/fig3ab_prs/sv//fold62.SV.0.0001.sscore	SV	1e-4	62	7.908571428571428	6.302471654734739	2.8425100053298795	0.02660802259319845	0.0433322	0.241283	0.611771944216571
input/fig3ab_prs/sv//fold62.SV.0.001.sscore	SV	0.001	62	29.908571428571427	18.24236396529912	7.39484738658205	0.013628764365950017	0.0530432	0.248984	0.6400738310090238
input/fig3ab_prs/sv//fold62.SV.0.01.sscore	SV	0.01	62	189.74857142857144	63.808791097390404	22.0888272557419	0.0038679362582989406	0.0713712	0.26352	0.6285206453377086
input/fig3ab_prs/sv//fold62.SV.0.05.sscore	SV	0.05	62	757.0742857142857	129.3918339207241	50.60993294479395	0.010568580161031401	0.0556828	0.251078	0.6266065080667214
input/fig3ab_prs/sv//fold62.SV.0.1.sscore	SV	0.1	62	1344.8342857142857	145.8732555942909	73.33166292849104	0.046676255696043265	0.0334542	0.233449	0.595296691277003
input/fig3ab_prs/sv//fold63.SV.0.0001.sscore	SV	1e-4	63	11.897142857142857	4.26832170698875	2.7111713501154906	0.1154074859958581	0.0198775	0.121162	0.5382143833743506
input/fig3ab_prs/sv//fold63.SV.0.001.sscore	SV	0.001	63	29.885714285714286	10.767224834017721	5.344660571959291	0.04394909588376089	0.0326298	0.132597	0.5507246376811594
input/fig3ab_prs/sv//fold63.SV.0.01.sscore	SV	0.01	63	189.36	42.61604817800759	17.60535154242037	0.015493623586681488	0.0486816	0.14699	0.5854525567404977
input/fig3ab_prs/sv//fold63.SV.0.05.sscore	SV	0.05	63	746.9028571428571	83.50176889113537	45.18793056089216	0.06462003817291832	0.0281867	0.128613	0.5653541153951326
input/fig3ab_prs/sv//fold63.SV.0.1.sscore	SV	0.1	63	1338.4571428571428	93.32735322612851	65.16861771870967	0.15211794532846143	0.0166545	0.118273	0.5464861908668307
input/fig3ab_prs/sv//fold64.SV.0.0001.sscore	SV	1e-4	64	5.942196531791907	4.76557687791229	2.2221799110690643	0.03198880945629222	0.0373951	0.139421	0.5904761904761905
input/fig3ab_prs/sv//fold64.SV.0.001.sscore	SV	0.001	64	41.93063583815029	12.123958907544097	7.255437568422332	0.09471833665974062	0.0228272	0.126397	0.57296918767507
input/fig3ab_prs/sv//fold64.SV.0.01.sscore	SV	0.01	64	195.51445086705203	31.558184553499288	20.82455720454432	0.12966323098530028	0.0188201	0.122814	0.5698879551820728
input/fig3ab_prs/sv//fold64.SV.0.05.sscore	SV	0.05	64	740.9826589595376	118.25887317111463	45.88180548694237	0.009952717329618608	0.0552324	0.155367	0.611904761904762
input/fig3ab_prs/sv//fold64.SV.0.1.sscore	SV	0.1	64	1348.936416184971	132.08596968433525	64.0202711417602	0.03909459994104855	0.0348694	0.137163	0.5861344537815126
input/fig3ab_prs/sv//fold65.SV.0.0001.sscore	SV	1e-4	65	7.885057471264368	9.759108551082338	3.013614737643345	0.001202275198703916	0.0895293	0.220076	0.6432022084195997
input/fig3ab_prs/sv//fold65.SV.0.001.sscore	SV	0.001	65	33.827586206896555	18.97470709800851	7.597410246006399	0.012506433937213192	0.0528008	0.188614	0.5906832298136646
input/fig3ab_prs/sv//fold65.SV.0.01.sscore	SV	0.01	65	197.58620689655172	48.25320066412982	22.542585273691838	0.03231152713249272	0.0382522	0.176151	0.5786059351276742
input/fig3ab_prs/sv//fold65.SV.0.05.sscore	SV	0.05	65	742.6781609195402	83.38105644762561	47.31527695770627	0.07802810405707274	0.0255656	0.165284	0.6051069703243617
input/fig3ab_prs/sv//fold65.SV.0.1.sscore	SV	0.1	65	1352.2528735632184	121.51743202553891	74.58826304784675	0.10327569802995035	0.0218185	0.162074	0.5885438233264321
input/fig3ab_prs/sv//fold66.SV.0.0001.sscore	SV	1e-4	66	9.93142857142857	7.167605127993326	2.9450999376766904	0.014943758490577181	0.0481427	0.160353	0.5962537599124966
input/fig3ab_prs/sv//fold66.SV.0.001.sscore	SV	0.001	66	39.93142857142857	12.09773186363574	6.744958751229157	0.07287765586536461	0.0262692	0.141058	0.5829915231063714
input/fig3ab_prs/sv//fold66.SV.0.01.sscore	SV	0.01	66	173.74857142857144	43.20231078777529	18.25162332585838	0.017931025765047688	0.0463807	0.158799	0.6069182389937107
input/fig3ab_prs/sv//fold66.SV.0.05.sscore	SV	0.05	66	754.8114285714286	125.94053430152415	47.67061392957895	0.008244474531704998	0.0576317	0.168724	0.6272901285206454
input/fig3ab_prs/sv//fold66.SV.0.1.sscore	SV	0.1	66	1366.537142857143	159.8265118777542	69.96145435952933	0.02234252390440796	0.0429189	0.155745	0.6208640962537599
input/fig3ab_prs/sv//fold67.SV.0.0001.sscore	SV	1e-4	67	7.91907514450867	4.701030347714171	2.364769766400668	0.04681786132845915	0.0318963	0.0781949	0.5832636566332219
input/fig3ab_prs/sv//fold67.SV.0.001.sscore	SV	0.001	67	39.91907514450867	18.450209603242662	7.667508342161647	0.01611569094146755	0.0486436	0.0941413	0.6022853957636566
input/fig3ab_prs/sv//fold67.SV.0.01.sscore	SV	0.01	67	173.59537572254337	42.56267159673487	18.583942476887678	0.02200434285389337	0.0430544	0.0888194	0.596711259754738
input/fig3ab_prs/sv//fold67.SV.0.05.sscore	SV	0.05	67	759.0520231213873	87.30733909742763	46.694143377657106	0.06151567290744825	0.0281748	0.0746513	0.5841694537346711
input/fig3ab_prs/sv//fold67.SV.0.1.sscore	SV	0.1	67	1372.6589595375722	125.2260248417504	73.87713101558488	0.09006441120233039	0.0231785	0.069894	0.5875139353400223
input/fig3ab_prs/sv//fold68.SV.0.0001.sscore	SV	1e-4	68	5.9298245614035086	4.796712325245773	2.103280513483766	0.022572949976433773	0.04223	0.106933	0.5880453501722158
input/fig3ab_prs/sv//fold68.SV.0.001.sscore	SV	0.001	68	25.91812865497076	7.4443201194418736	5.500727668105419	0.175949048208977	0.0148652	0.0814164	0.5318599311136625
input/fig3ab_prs/sv//fold68.SV.0.01.sscore	SV	0.01	68	183.3918128654971	62.17828639298774	20.129907108798676	0.0020093209391020524	0.0823936	0.144383	0.6343283582089552
input/fig3ab_prs/sv//fold68.SV.0.05.sscore	SV	0.05	68	756.7602339181286	118.85165360987142	46.24459695062215	0.010167922191984913	0.0549384	0.118782	0.5994546498277842
input/fig3ab_prs/sv//fold68.SV.0.1.sscore	SV	0.1	68	1424.5847953216373	122.69443656344143	67.73450951642968	0.07007862250960382	0.0270153	0.0927457	0.5789322617680827
input/fig3ab_prs/sv//fold69.SV.0.0001.sscore	SV	1e-4	69	11.906976744186046	0.5785225897095507	3.9101895021368316	0.8823801990928228	1.84594e-4	0.20901	0.5311300639658848
input/fig3ab_prs/sv//fold69.SV.0.001.sscore	SV	0.001	69	37.906976744186046	6.783863981520987	7.86185273524156	0.38820145513757215	0.00627078	0.213825	0.5486140724946695
input/fig3ab_prs/sv//fold69.SV.0.01.sscore	SV	0.01	69	185.6627906976744	31.48529987958446	21.59979439385785	0.14493244938286465	0.0180367	0.223133	0.5913290689410092
input/fig3ab_prs/sv//fold69.SV.0.05.sscore	SV	0.05	69	723.0116279069767	152.9605114880296	52.30449266742468	0.0034509438299479733	0.0755141	0.268606	0.6407960199004975
input/fig3ab_prs/sv//fold69.SV.0.1.sscore	SV	0.1	69	1330.6279069767443	270.6827322248923	80.51151454706641	7.73696116672665e-4	0.100905	0.288693	0.6557213930348259
input/fig3ab_prs/sv//fold7.SV.0.0001.sscore	SV	1e-4	7	9.861271676300579	4.650278863902128	2.80354484489313	0.097173452754683	0.0229117	0.138185	0.5562324929971989
input/fig3ab_prs/sv//fold7.SV.0.001.sscore	SV	0.001	7	41.861271676300575	8.363829957322567	7.346858569984088	0.25494405455113167	0.0106339	0.127356	0.5568627450980392
input/fig3ab_prs/sv//fold7.SV.0.01.sscore	SV	0.01	7	163.6184971098266	9.093899532284519	18.655207390582255	0.6259235664081018	0.00192963	0.119679	0.523389355742297
input/fig3ab_prs/sv//fold7.SV.0.05.sscore	SV	0.05	7	732.8554913294797	114.8733028090486	50.13573629339269	0.021949192645281605	0.044117	0.156889	0.5908963585434174
input/fig3ab_prs/sv//fold7.SV.0.1.sscore	SV	0.1	7	1360.670520231214	257.13053389925847	79.07916848270584	0.0011477419715551628	0.0913687	0.198566	0.6507002801120448
input/fig3ab_prs/sv//fold70.SV.0.0001.sscore	SV	1e-4	70	5.897142857142857	3.6434134215103997	2.0226104989521247	0.07164897776743424	0.0263577	0.174534	0.5656275635767022
input/fig3ab_prs/sv//fold70.SV.0.001.sscore	SV	0.001	70	27.885714285714286	21.077707343698503	6.623566075528153	0.0014614596299722961	0.0875461	0.22641	0.6583948591741865
input/fig3ab_prs/sv//fold70.SV.0.01.sscore	SV	0.01	70	189.69142857142856	46.508351613461436	17.9796862924404	0.00968952712012603	0.0567601	0.20031	0.6011758271807492
input/fig3ab_prs/sv//fold70.SV.0.05.sscore	SV	0.05	70	730.9028571428571	84.12896716558915	44.388853882590446	0.05805633007494446	0.0295315	0.177225	0.5742411812961444
input/fig3ab_prs/sv//fold70.SV.0.1.sscore	SV	0.1	70	1362.6857142857143	165.59873985097664	73.71627756468237	0.02467623337119077	0.0422764	0.18803	0.5805304894722451
input/fig3ab_prs/sv//fold71.SV.0.0001.sscore	SV	1e-4	71	9.907514450867051	6.846722440950297	3.2908609962301725	0.03747729736863947	0.036458	0.222097	0.6029411764705882
input/fig3ab_prs/sv//fold71.SV.0.001.sscore	SV	0.001	71	35.884393063583815	7.961637388657416	7.3634456310064165	0.27959124888708015	0.00972784	0.200517	0.5452380952380952
input/fig3ab_prs/sv//fold71.SV.0.01.sscore	SV	0.01	71	191.34104046242774	24.1055686505079	20.64140370712575	0.24287694407120175	0.0114835	0.201934	0.5591036414565826
input/fig3ab_prs/sv//fold71.SV.0.05.sscore	SV	0.05	71	694.7167630057803	133.81025943259067	47.5416926279337	0.004883986177684265	0.0697873	0.249005	0.6133053221288516
input/fig3ab_prs/sv//fold71.SV.0.1.sscore	SV	0.1	71	1356.4855491329479	230.63280265062582	78.68610427899984	0.0033781983170260398	0.0768407	0.2547	0.6289915966386554
input/fig3ab_prs/sv//fold72.SV.0.0001.sscore	SV	1e-4	72	9.908045977011493	5.1213798134742925	2.732426924488241	0.06088948939152533	0.0288694	0.145448	0.5719339622641509
input/fig3ab_prs/sv//fold72.SV.0.001.sscore	SV	0.001	72	31.862068965517242	11.985194739457354	5.900893010937754	0.04224672587866314	0.0340615	0.150017	0.5803274139844617
input/fig3ab_prs/sv//fold72.SV.0.01.sscore	SV	0.01	72	171.68965517241378	43.2444311491392	19.046983870252586	0.02318281855931818	0.043405	0.158239	0.6112652608213097
input/fig3ab_prs/sv//fold72.SV.0.05.sscore	SV	0.05	72	758.7816091954023	155.12296043403066	52.0218642943775	0.002864841996094644	0.0751897	0.186208	0.6403995560488346
input/fig3ab_prs/sv//fold72.SV.0.1.sscore	SV	0.1	72	1384.4252873563219	236.89673872829604	78.97486154425863	0.0027029229852969573	0.0781782	0.188838	0.6549667036625971
input/fig3ab_prs/sv//fold73.SV.0.0001.sscore	SV	1e-4	73	5.908571428571428	7.571629879198477	2.510026359968658	0.0025566573489819583	0.08263	0.256338	0.6101996171725458
input/fig3ab_prs/sv//fold73.SV.0.001.sscore	SV	0.001	73	35.85142857142857	21.340492797904723	7.425871121194302	0.0040556148447476415	0.0738013	0.249181	0.5924254853705223
input/fig3ab_prs/sv//fold73.SV.0.01.sscore	SV	0.01	73	169.6457142857143	54.454803676993265	19.451097113075818	0.005116994040627309	0.0673906	0.243985	0.6051408258135084
input/fig3ab_prs/sv//fold73.SV.0.05.sscore	SV	0.05	73	698.9714285714285	173.32524708837246	50.356471228400345	5.775034563001814e-4	0.10225	0.272244	0.6510801203171999
input/fig3ab_prs/sv//fold73.SV.0.1.sscore	SV	0.1	73	1340.5028571428572	247.61525477885309	80.61576520925856	0.0021295137025458283	0.0802831	0.254436	0.6419196062346185
input/fig3ab_prs/sv//fold74.SV.0.0001.sscore	SV	1e-4	74	13.90857142857143	7.800818177298327	3.568911479528044	0.028832466741025502	0.0386803	0.136565	0.5732841126606508
input/fig3ab_prs/sv//fold74.SV.0.001.sscore	SV	0.001	74	33.90857142857143	12.114865862247717	6.6956656735612805	0.07039518083873815	0.0262494	0.125399	0.5716434235712333
input/fig3ab_prs/sv//fold74.SV.0.01.sscore	SV	0.01	74	173.50857142857143	79.31976595567899	22.420983169532732	4.035565371987461e-4	0.10819	0.198997	0.6695378725731475
input/fig3ab_prs/sv//fold74.SV.0.05.sscore	SV	0.05	74	767.0171428571429	130.51253626323196	49.03068521537245	0.007771152724101751	0.0585864	0.154444	0.6348099535138091
input/fig3ab_prs/sv//fold74.SV.0.1.sscore	SV	0.1	74	1322.5828571428572	238.69647068617783	77.71885434190999	0.00213142181261126	0.0798854	0.173574	0.6419196062346185
input/fig3ab_prs/sv//fold75.SV.0.0001.sscore	SV	1e-4	75	10	2.3701878516082378	2.6368683070866807	0.368724730112426	0.00633212	0.0373558	0.4993788819875776
input/fig3ab_prs/sv//fold75.SV.0.001.sscore	SV	0.001	75	34	10.744685427887157	6.472674439748635	0.09691302726387954	0.0217931	0.052334	0.5256038647342995
input/fig3ab_prs/sv//fold75.SV.0.01.sscore	SV	0.01	75	167.6551724137931	41.14490060350254	18.89388638104213	0.02942962401201868	0.0381233	0.0681544	0.5930986887508627
input/fig3ab_prs/sv//fold75.SV.0.05.sscore	SV	0.05	75	745.2873563218391	115.67216550199063	47.41319138836469	0.014701005965759595	0.0483677	0.0780789	0.6113181504485853
input/fig3ab_prs/sv//fold75.SV.0.1.sscore	SV	0.1	75	1360.6896551724137	211.07679395713734	74.5653379866922	0.004643712744702491	0.0659082	0.0950718	0.6063492063492064
input/fig3ab_prs/sv//fold76.SV.0.0001.sscore	SV	1e-4	76	5.9314285714285715	7.459031956899309	2.3490563927253074	0.00149665591151917	0.0879382	0.226774	0.6295460760185945
input/fig3ab_prs/sv//fold76.SV.0.001.sscore	SV	0.001	76	33.89714285714286	20.941848366851435	7.085765080190446	0.0031218131044304554	0.0740126	0.214968	0.624145474432595
input/fig3ab_prs/sv//fold76.SV.0.01.sscore	SV	0.01	76	187.4857142857143	58.41451879813611	22.673615572346066	0.009985780662924314	0.0571125	0.200641	0.60404703308723
input/fig3ab_prs/sv//fold76.SV.0.05.sscore	SV	0.05	76	746.9028571428571	132.58103426475648	54.13767137740557	0.014326904496615089	0.0511448	0.195581	0.6030899644517363
input/fig3ab_prs/sv//fold76.SV.0.1.sscore	SV	0.1	76	1372.4114285714286	198.96994267952329	83.94401599565317	0.01777512238229766	0.0474896	0.192483	0.6376811594202898
input/fig3ab_prs/sv//fold77.SV.0.0001.sscore	SV	1e-4	77	13.862068965517242	-0.7912523524251677	3.671500585041617	0.8293681745608383	3.77279e-4	0.143546	0.5296756383712905
input/fig3ab_prs/sv//fold77.SV.0.001.sscore	SV	0.001	77	49.86206896551724	4.404816486849844	7.94706312472099	0.5793942670003707	0.00249995	0.145365	0.5616287094547964
input/fig3ab_prs/sv//fold77.SV.0.01.sscore	SV	0.01	77	171.51724137931035	34.48267916600661	20.390960828348263	0.09082215071398575	0.0235197	0.163374	0.6026224982746722
input/fig3ab_prs/sv//fold77.SV.0.05.sscore	SV	0.05	77	742.8620689655172	126.52581017692661	51.11217187132342	0.013306704895547049	0.0513097	0.187184	0.630503795721187
input/fig3ab_prs/sv//fold77.SV.0.1.sscore	SV	0.1	77	1344.7011494252874	164.52478098295384	73.44860233142361	0.02509100086600781	0.0416034	0.178868	0.6211180124223603
input/fig3ab_prs/sv//fold78.SV.0.0001.sscore	SV	1e-4	78	5.9298245614035086	4.28579680392297	2.1149066055563646	0.04271654643958665	0.0351023	0.241669	0.5988088404133179
input/fig3ab_prs/sv//fold78.SV.0.001.sscore	SV	0.001	78	23.91812865497076	16.500780254403217	6.2344729110477735	0.008128139436666142	0.0637205	0.26416	0.6499712973593571
input/fig3ab_prs/sv//fold78.SV.0.01.sscore	SV	0.01	78	179.80116959064327	82.18182098495124	22.11692815980184	2.0257120904753666e-4	0.13172	0.317603	0.6687715269804823
input/fig3ab_prs/sv//fold78.SV.0.05.sscore	SV	0.05	78	739.0292397660819	174.27006910015825	52.233382440230464	8.487906931972219e-4	0.102251	0.294442	0.6455223880597015
input/fig3ab_prs/sv//fold78.SV.0.1.sscore	SV	0.1	78	1382.877192982456	229.0937672350223	79.3147115976714	0.0038718921004390755	0.0756215	0.273513	0.6369115958668198
input/fig3ab_prs/sv//fold79.SV.0.0001.sscore	SV	1e-4	79	5.930232558139535	6.3015626683146095	2.1465923063109402	0.0033289014689626304	0.0705252	0.137194	0.6172935520361992
input/fig3ab_prs/sv//fold79.SV.0.001.sscore	SV	0.001	79	31.906976744186046	18.205769210008356	6.766030296223493	0.007128928555980416	0.060222	0.12763	0.6107183257918551
input/fig3ab_prs/sv//fold79.SV.0.01.sscore	SV	0.01	79	189.6046511627907	43.52611346063807	19.732127797708998	0.027394506357039158	0.0404595	0.109285	0.6013857466063348
input/fig3ab_prs/sv//fold79.SV.0.05.sscore	SV	0.05	79	746.9883720930233	105.76555228377353	44.91812313541476	0.018541165876309787	0.0458473	0.114286	0.6025169683257918
input/fig3ab_prs/sv//fold79.SV.0.1.sscore	SV	0.1	79	1346.8255813953488	151.78794028694597	68.75809167468944	0.02727462782453583	0.0406525	0.109464	0.598274886877828
input/fig3ab_prs/sv//fold8.SV.0.0001.sscore	SV	1e-4	8	7.907514450867052	2.132517520915628	2.573614214262235	0.40732621697889765	0.00594567	0.27701	0.5378151260504201
input/fig3ab_prs/sv//fold8.SV.0.001.sscore	SV	0.001	8	43.907514450867055	10.853314110225666	8.680588363394254	0.2111910519884767	0.0135561	0.282545	0.5806722689075631
input/fig3ab_prs/sv//fold8.SV.0.01.sscore	SV	0.01	8	189.5722543352601	28.28876298952889	19.92623553343694	0.15570254527988056	0.0175168	0.285426	0.5801120448179272
input/fig3ab_prs/sv//fold8.SV.0.05.sscore	SV	0.05	8	774.8323699421966	55.18737801314206	50.747253347345804	0.27681816162482553	0.0102633	0.28015	0.5434173669467787
input/fig3ab_prs/sv//fold8.SV.0.1.sscore	SV	0.1	8	1392.35838150289	110.01618140390188	83.07158953595273	0.18538554608071325	0.0152854	0.283803	0.5373949579831933
input/fig3ab_prs/sv//fold80.SV.0.0001.sscore	SV	1e-4	80	1.8742857142857143	2.2662735653727037	0.9066634833414419	0.012434230308922312	0.0498879	0.109114	0.6099261689909763
input/fig3ab_prs/sv//fold80.SV.0.001.sscore	SV	0.001	80	33.87428571428571	18.205425357403836	6.383678764095128	0.004346279867928308	0.0671973	0.125345	0.60322668854252115
input/fig3ab_prs/sv//fold80.SV.0.01.sscore	SV	0.01	80	185.38285714285715	59.643723817667116	19.695992995562186	0.002460020720562258	0.0759738	0.133574	0.6311184030626197
input/fig3ab_prs/sv//fold80.SV.0.05.sscore	SV	0.05	80	740.8228571428572	144.8945332789005	46.395875074193995	0.0017901492381276287	0.0804376	0.13776	0.6233251298878862
input/fig3ab_prs/sv//fold80.SV.0.1.sscore	SV	0.1	80	1342.5942857142857	202.23745242049046	69.47116695931483	0.0036015975245064693	0.0699716	0.127946	0.6148482362592289
input/fig3ab_prs/sv//fold81.SV.0.0001.sscore	SV	1e-4	81	5.91907514450867	5.8849240741785875	2.3613270800151627	0.012695078506101099	0.0507555	0.192381	0.6140056022408963
input/fig3ab_prs/sv//fold81.SV.0.001.sscore	SV	0.001	81	31.895953757225435	27.511121358275485	7.113674248792209	1.1002108627945707e-4	0.132409	0.261852	0.6626050420168067
input/fig3ab_prs/sv//fold81.SV.0.01.sscore	SV	0.01	81	193.76878612716763	38.689015477195134	20.00708610220698	0.053141950306286226	0.0312665	0.1758	0.5872549019607843
input/fig3ab_prs/sv//fold81.SV.0.05.sscore	SV	0.05	81	707.0982658959538	125.16452090195646	48.22762270767573	0.009451197067909051	0.0568568	0.197572	0.6299719887955182
input/fig3ab_prs/sv//fold81.SV.0.1.sscore	SV	0.1	81	1392.8901734104047	219.3067623987802	77.01704515315082	0.00440627886486873	0.0697092	0.208507	0.6415966386554622
input/fig3ab_prs/sv//fold82.SV.0.0001.sscore	SV	1e-4	82	7.9314285714285715	6.165583286191127	2.67947390438117	0.021389229889861253	0.0432385	0.116486	0.5782745419742958
input/fig3ab_prs/sv//fold82.SV.0.001.sscore	SV	0.001	82	29.908571428571427	19.61602064163245	6.760606836769094	0.0037135975705284378	0.0709618	0.142086	0.6218211648892535
input/fig3ab_prs/sv//fold82.SV.0.01.sscore	SV	0.01	82	187.74857142857144	50.89085041016594	19.317159472246008	0.008426395354392687	0.057388	0.129552	0.6173092698933552
input/fig3ab_prs/sv//fold82.SV.0.05.sscore	SV	0.05	82	730.6514285714286	138.71920882698322	49.34114812504104	0.004932174466362302	0.0659008	0.137413	0.6296144380639869
input/fig3ab_prs/sv//fold82.SV.0.1.sscore	SV	0.1	82	1370.4114285714286	184.48543275888872	72.04889875490551	0.01045040148129194	0.054246	0.12665	0.6089691003554826
input/fig3ab_prs/sv//fold83.SV.0.0001.sscore	SV	1e-4	83	13.885057471264368	2.671269385376298	3.1528235551347126	0.39684878515018013	0.00577979	0.117746	0.518495514147688
input/fig3ab_prs/sv//fold83.SV.0.001.sscore	SV	0.001	83	31.885057471264368	3.218684438258552	5.567602879134445	0.563190154609398	0.0026809	0.114996	0.5048309178743962
input/fig3ab_prs/sv//fold83.SV.0.01.sscore	SV	0.01	83	171.54022988505747	29.96664308470806	17.992218389650443	0.09580635903877677	0.0225893	0.132662	0.5710144927536231
input/fig3ab_prs/sv//fold83.SV.0.05.sscore	SV	0.05	83	746.7011494252873	78.09646304395947	48.49939645169403	0.10734189548262409	0.0210246	0.131274	0.5685300207039338
input/fig3ab_prs/sv//fold83.SV.0.1.sscore	SV	0.1	83	1358.6091954022988	201.81377504976504	80.26540426165147	0.01192585257140112	0.0521283	0.158875	0.5975155279503106
input/fig3ab_prs/sv//fold84.SV.0.0001.sscore	SV	1e-4	84	9.884393063583815	0.6701065371662277	2.841568134938641	0.8135701798066398	4.4568e-4	0.0886662	0.5242997198879551
input/fig3ab_prs/sv//fold84.SV.0.001.sscore	SV	0.001	84	37.83815028901734	2.503512214265345	7.053081664958318	0.7226248319549398	0.0010121	0.0891826	0.5095238095238095
input/fig3ab_prs/sv//fold84.SV.0.01.sscore	SV	0.01	84	199.66473988439307	29.162828055533684	19.183500225452374	0.12845978734675528	0.0186743	0.105286	0.5803921568627451
input/fig3ab_prs/sv//fold84.SV.0.05.sscore	SV	0.05	84	680.8092485549133	113.91165903553193	42.97526249819373	0.008034103252258494	0.0589947	0.142048	0.6056022408963585
input/fig3ab_prs/sv//fold84.SV.0.1.sscore	SV	0.1	84	1342.670520231214	225.350901037503	70.65149420709021	0.0014246359361549767	0.0872246	0.167786	0.6418767507002802
input/fig3ab_prs/sv//fold85.SV.0.0001.sscore	SV	1e-4	85	9.942857142857143	8.15227975484082	3.031697796013722	0.007166327641533441	0.0619408	0.254369	0.612797374897457
input/fig3ab_prs/sv//fold85.SV.0.001.sscore	SV	0.001	85	35.90857142857143	20.995789886029822	7.0824128412189715	0.0030317844047803868	0.0773288	0.266601	0.6240771123872026
input/fig3ab_prs/sv//fold85.SV.0.01.sscore	SV	0.01	85	195.76	31.456215719794482	20.862587921467828	0.131610561462895	0.0190846	0.220304	0.5526387749521465
input/fig3ab_prs/sv//fold85.SV.0.05.sscore	SV	0.05	85	771.2342857142858	145.01517121528207	58.43524841760691	0.013077981963077738	0.0530756	0.247323	0.6194968553459119
input/fig3ab_prs/sv//fold85.SV.0.1.sscore	SV	0.1	85	1350.8342857142857	205.76396801612142	83.93337454853253	0.01422560626873725	0.051808	0.246315	0.5961170358217118
input/fig3ab_prs/sv//fold86.SV.0.0001.sscore	SV	1e-4	86	11.931034482758621	8.393629545387538	3.663321492209598	0.021948261578455874	0.045987	0.159586	0.6102247502774695
input/fig3ab_prs/sv//fold86.SV.0.001.sscore	SV	0.001	86	29.908045977011493	13.002697444452583	6.005391401093125	0.030374616033976627	0.0388155	0.153268	0.6025943396226415
input/fig3ab_prs/sv//fold86.SV.0.01.sscore	SV	0.01	86	189.57471264367817	50.66313427615784	20.669597426415223	0.014242260069105292	0.050066	0.163179	0.6055771365149833
input/fig3ab_prs/sv//fold86.SV.0.05.sscore	SV	0.05	86	736.8505747126437	153.35940267296385	47.31950784705496	0.001191387568337336	0.0904951	0.198794	0.6620421753607103
input/fig3ab_prs/sv//fold86.SV.0.1.sscore	SV	0.1	86	1340.3333333333333	182.69422188202708	72.62727848441617	0.011886227116010997	0.0533223	0.166048	0.6284683684794673
input/fig3ab_prs/sv//fold87.SV.0.0001.sscore	SV	1e-4	87	7.919540229885057	3.6958576403754426	2.490459689815734	0.13780727366698944	0.018057	0.191966	0.5623878536922016
input/fig3ab_prs/sv//fold87.SV.0.001.sscore	SV	0.001	87	27.919540229885058	12.291701568940214	6.029375394266734	0.04148637228832976	0.0345148	0.205509	0.579296066252588
input/fig3ab_prs/sv//fold87.SV.0.01.sscore	SV	0.01	87	197.70114942528735	45.252567336949554	19.224074537042767	0.01857496106908015	0.0470448	0.215819	0.6111801242236025
input/fig3ab_prs/sv//fold87.SV.0.05.sscore	SV	0.05	87	732.6551724137931	111.30011051059198	46.8841088325195	0.017599360095070182	0.0473626	0.216081	0.6300897170462388
input/fig3ab_prs/sv//fold87.SV.0.1.sscore	SV	0.1	87	1362.4942528735633	197.77143453805138	74.3067523618172	0.007778086182302435	0.0596411	0.226185	0.6496894409937888
input/fig3ab_prs/sv//fold88.SV.0.0001.sscore	SV	1e-4	88	7.91907514450867	5.038317865547052	2.789467395707436	0.07088812061537202	0.0270201	0.165127	0.5688375350140056
input/fig3ab_prs/sv//fold88.SV.0.001.sscore	SV	0.001	88	29.91907514450867	21.31277199007664	7.458848711357622	0.004271528777730104	0.0700033	0.202009	0.6189075630252101
input/fig3ab_prs/sv//fold88.SV.0.01.sscore	SV	0.01	88	179.8150289017341	62.21640455121172	21.369884400740723	0.003598064276885915	0.0735099	0.205018	0.6079831932773109
input/fig3ab_prs/sv//fold88.SV.0.05.sscore	SV	0.05	88	781.0404624277456	124.71702269586241	54.29408448310263	0.02161508142654175	0.0448698	0.180443	0.5910364145658263
input/fig3ab_prs/sv//fold88.SV.0.1.sscore	SV	0.1	88	1440.7745664739884	107.27091098331526	81.43281003231824	0.18774026463440013	0.0143157	0.154226	0.5477591036414566
input/fig3ab_prs/sv//fold89.SV.0.0001.sscore	SV	1e-4	89	5.906976744186046	2.6830478830080273	1.838819293076925	0.14453359752987538	0.0174459	0.142108	0.558045814479638
input/fig3ab_prs/sv//fold89.SV.0.001.sscore	SV	0.001	89	25.906976744186046	14.676479695779484	5.523861441257781	0.007885723262023808	0.0596825	0.178986	0.621677036199095
input/fig3ab_prs/sv//fold89.SV.0.01.sscore	SV	0.01	89	189.67441860465115	50.013632544754536	22.078683809266746	0.02349763675281637	0.0431974	0.164592	0.5985576923076923
input/fig3ab_prs/sv//fold89.SV.0.05.sscore	SV	0.05	89	700.7906976744187	127.50962818209797	47.75866313505738	0.007587964339422259	0.0616409	0.180696	0.6165158371040724
input/fig3ab_prs/sv//fold89.SV.0.1.sscore	SV	0.1	89	1354.5581395348838	144.44721021976272	71.69649327930641	0.04393567515418468	0.0342383	0.15677	0.5970022624434389
input/fig3ab_prs/sv//fold9.SV.0.0001.sscore	SV	1e-4	9	7.91907514450867	8.728706823033704	2.895386790609491	0.0025723816082036796	0.0795133	0.251405	0.6177871148459384
input/fig3ab_prs/sv//fold9.SV.0.001.sscore	SV	0.001	9	31.884393063583815	20.51987955685708	7.062020413984009	0.003664712496788726	0.0734732	0.246493	0.6107843137254902
input/fig3ab_prs/sv//fold9.SV.0.01.sscore	SV	0.01	9	191.6878612716763	83.13057655856602	23.480306885951833	3.994631052983175e-4	0.115151	0.280388	0.6624649859943977
input/fig3ab_prs/sv//fold9.SV.0.05.sscore	SV	0.05	9	710.7398843930636	189.4006859762568	50.91889672245402	1.994957544632533e-4	0.125773	0.289026	0.6592436974789916
input/fig3ab_prs/sv//fold9.SV.0.1.sscore	SV	0.1	9	1338.4855491329479	259.0103611882952	79.34981566907923	0.00109789796420216	0.096422	0.265156	0.6441176470588236
input/fig3ab_prs/sv//fold90.SV.0.0001.sscore	SV	1e-4	90	7.919540229885057	6.097028082066907	2.6089905215326117	0.019442826884416103	0.0453476	0.194263	0.6181326304106548
input/fig3ab_prs/sv//fold90.SV.0.001.sscore	SV	0.001	90	33.9080459770115	13.573138268455235	6.426482799522123	0.03468102297111781	0.0374114	0.187565	0.5834489456159823
input/fig3ab_prs/sv//fold90.SV.0.01.sscore	SV	0.01	90	199.45977011494253	33.92465356402652	19.66902678671648	0.08456795649411271	0.0247725	0.176897	0.5696448390677026
input/fig3ab_prs/sv//fold90.SV.0.05.sscore	SV	0.05	90	712.8505747126437	122.60531554678431	46.27254835917036	0.00805790203229261	0.0595357	0.206238	0.6301331853496116
input/fig3ab_prs/sv//fold90.SV.0.1.sscore	SV	0.1	90	1360.6206896551723	167.53499672147626	71.74225482275546	0.019531167842147257	0.0458238	0.194665	0.6186182019977803
input/fig3ab_prs/sv//fold91.SV.0.0001.sscore	SV	1e-4	91	7.919540229885057	2.7001276079557006	2.3217199621497686	0.2448352182809444	0.010687	0.0848071	0.559144237405107
input/fig3ab_prs/sv//fold91.SV.0.001.sscore	SV	0.001	91	23.885057471264368	18.5245066770683	5.5829888527702325	9.065578345921481e-4	0.0917323	0.15978	0.6748792270531401
input/fig3ab_prs/sv//fold91.SV.0.01.sscore	SV	0.01	91	187.7816091954023	63.04406834534563	20.848877498452875	0.002495726276998961	0.0773947	0.146517	0.6494133885438234
input/fig3ab_prs/sv//fold91.SV.0.05.sscore	SV	0.05	91	752.9310344827586	129.54594296961403	53.6398571288283	0.015730629271178506	0.0488294	0.120092	0.6001380262249828
input/fig3ab_prs/sv//fold91.SV.0.1.sscore	SV	0.1	91	1328.7011494252874	168.90632869805196	76.05252873004723	0.026356606072961045	0.0408583	0.112718	0.6052449965493444
input/fig3ab_prs/sv//fold92.SV.0.0001.sscore	SV	1e-4	92	11.93142857142857	11.74804841660315	4.090156048736786	0.004075295982346105	0.07073	0.233567	0.6256494394312277
input/fig3ab_prs/sv//fold92.SV.0.001.sscore	SV	0.001	92	37.93142857142857	18.452073040956016	7.768518781617947	0.01753768673105434	0.0479817	0.214805	0.6031583264971287
input/fig3ab_prs/sv//fold92.SV.0.01.sscore	SV	0.01	92	177.6457142857143	64.29178232263946	22.73030346884914	0.0046772364607768294	0.0689615	0.232108	0.5963904840032814
input/fig3ab_prs/sv//fold92.SV.0.05.sscore	SV	0.05	92	718.88	199.6978393639006	54.72600539277996	2.6321357194560794e-4	0.116474	0.271295	0.6592835657642877
input/fig3ab_prs/sv//fold92.SV.0.1.sscore	SV	0.1	92	1348.5142857142857	283.89399378704553	86.28726557653239	0.0010015070523162293	0.0934105	0.252273	0.6200437517090511
input/fig3ab_prs/sv//fold93.SV.0.0001.sscore	SV	1e-4	93	7.908045977011494	3.9608383877899596	2.356072125421871	0.09273973890908209	0.0227056	0.105982	0.5485571587125415
input/fig3ab_prs/sv//fold93.SV.0.001.sscore	SV	0.001	93	39.88505747126437	12.113603444489735	7.295179755733276	0.09681508001871873	0.0221903	0.10551	0.5493895671476138
input/fig3ab_prs/sv//fold93.SV.0.01.sscore	SV	0.01	93	175.48275862068965	36.7642725080039	18.899798428572286	0.05174846365540074	0.0308809	0.11346	0.5899001109877914
input/fig3ab_prs/sv//fold93.SV.0.05.sscore	SV	0.05	93	754.7126436781609	78.74786047496501	46.0724534851342	0.08741060127034452	0.023811	0.106993	0.5627081021087681
input/fig3ab_prs/sv//fold93.SV.0.1.sscore	SV	0.1	93	1352.4367816091954	107.38750712043908	67.83088013819028	0.11338375485656296	0.0202999	0.103781	0.5574361820199778
input/fig3ab_prs/sv//fold94.SV.0.0001.sscore	SV	1e-4	94	7.907514450867052	2.0386322915834962	2.543244646203023	0.4227917986720563	0.00514044	0.0908482	0.5409002229654404
input/fig3ab_prs/sv//fold94.SV.0.001.sscore	SV	0.001	94	31.90751445086705	9.209658074097694	6.03299384814197	0.1268733064772441	0.0189409	0.10346	0.5566471571906355
input/fig3ab_prs/sv//fold94.SV.0.01.sscore	SV	0.01	94	183.65317919075144	43.8115141609911	19.13854932647338	0.022069109134732985	0.043299	0.125719	0.5706521739130435
input/fig3ab_prs/sv//fold94.SV.0.05.sscore	SV	0.05	94	730.971098265896	95.63797603836738	45.332486778884764	0.03488414997563947	0.0366237	0.119619	0.5887681159420289
input/fig3ab_prs/sv//fold94.SV.0.1.sscore	SV	0.1	94	1370.8439306358382	205.37388467639778	76.66644967794443	0.007388708912752235	0.0595719	0.14059	0.6280657748049052
input/fig3ab_prs/sv//fold95.SV.0.0001.sscore	SV	1e-4	95	5.954285714285715	5.934710099358113	2.173395786459382	0.006321601183061502	0.0594962	0.117288	0.5978260869565217
input/fig3ab_prs/sv//fold95.SV.0.001.sscore	SV	0.001	95	37.93142857142857	18.528703938741526	7.343949612241323	0.011636204758862371	0.0523278	0.11056	0.6152584085315833
input/fig3ab_prs/sv//fold95.SV.0.01.sscore	SV	0.01	95	203.3942857142857	29.2686882372186	17.199592786084335	0.08881008077889847	0.0231604	0.0831846	0.5736942849330052
input/fig3ab_prs/sv//fold95.SV.0.05.sscore	SV	0.05	95	713.0171428571429	74.17031282338479	43.211055284762246	0.08607676203047322	0.0235344	0.0835356	0.5702761826633853
input/fig3ab_prs/sv//fold95.SV.0.1.sscore	SV	0.1	95	1338.6057142857144	110.62878787921171	68.36527962107442	0.10561921170314831	0.0208454	0.0810119	0.5515449822258682
input/fig3ab_prs/sv//fold96.SV.0.0001.sscore	SV	1e-4	96	7.873563218390805	4.92586528361016	2.6977167200487804	0.06785950028166593	0.0281378	0.243347	0.589830743618202
input/fig3ab_prs/sv//fold96.SV.0.001.sscore	SV	0.001	96	35.87356321839081	15.836192246887533	7.1792342810593315	0.027395691329555483	0.041295	0.253591	0.5975305216426193
input/fig3ab_prs/sv//fold96.SV.0.01.sscore	SV	0.01	96	199.7471264367816	17.348585870681568	21.816387290881543	0.4264919813693028	0.00528879	0.225558	0.5159544950055494
input/fig3ab_prs/sv//fold96.SV.0.05.sscore	SV	0.05	96	778.9655172413793	82.8910454499036	58.22885388162326	0.15457995968933913	0.0172003	0.234831	0.56673140954495
input/fig3ab_prs/sv//fold96.SV.0.1.sscore	SV	0.1	96	1356.5977011494253	93.8350717977664	84.5343260552996	0.2669889851099894	0.0104021	0.229539	0.5384295227524972
input/fig3ab_prs/sv//fold97.SV.0.0001.sscore	SV	1e-4	97	7.91907514450867	5.120536166738213	2.3125866608096084	0.026814822216648625	0.0404186	0.149723	0.5775501672240803
input/fig3ab_prs/sv//fold97.SV.0.001.sscore	SV	0.001	97	27.91907514450867	18.09421302957655	5.641075745086309	0.001338558940481235	0.0871838	0.191161	0.651268115942029
input/fig3ab_prs/sv//fold97.SV.0.01.sscore	SV	0.01	97	199.84971098265896	51.642451875651915	20.073691971326536	0.01009251258297441	0.0559481	0.163484	0.6217948717948718
input/fig3ab_prs/sv//fold97.SV.0.05.sscore	SV	0.05	97	763.2023121387283	143.5931979864958	52.78331154125536	0.0065197470886020886	0.0627301	0.169493	0.6245819397993311
input/fig3ab_prs/sv//fold97.SV.0.1.sscore	SV	0.1	97	1384.612716763006	191.2419301565629	72.93899877833954	0.0087429936623458	0.0577359	0.165068	0.6237458193979933
input/fig3ab_prs/sv//fold98.SV.0.0001.sscore	SV	1e-4	98	5.930635838150289	6.15425203485156	2.3831533681010884	0.009811617658295484	0.055467	0.153856	0.6247899159663866
input/fig3ab_prs/sv//fold98.SV.0.001.sscore	SV	0.001	98	17.91907514450867	13.66081068262871	4.779293496653315	0.004258736698370703	0.0696205	0.166536	0.6359943977591036
input/fig3ab_prs/sv//fold98.SV.0.01.sscore	SV	0.01	98	177.60693641618496	50.052637158359794	17.525207413118217	0.004289654226241931	0.0687188	0.165728	0.6204481792717087
input/fig3ab_prs/sv//fold98.SV.0.05.sscore	SV	0.05	98	703.028901734104	199.26834275424713	52.38664511615775	1.4249299701161192e-4	0.129727	0.220381	0.6528011204481793
input/fig3ab_prs/sv//fold98.SV.0.1.sscore	SV	0.1	98	1358.670520231214	321.3037886920691	84.15100746185583	1.3443920772651986e-4	0.133103	0.223406	0.6514005602240897
input/fig3ab_prs/sv//fold99.SV.0.0001.sscore	SV	1e-4	99	15.872832369942197	3.1557464649960245	4.357490786866122	0.4689356845013264	0.00449857	0.266729	0.5165266106442576
input/fig3ab_prs/sv//fold99.SV.0.001.sscore	SV	0.001	99	19.872832369942195	6.970907653629071	5.220153057210917	0.18175077493333927	0.0154179	0.274772	0.5474089635854341
input/fig3ab_prs/sv//fold99.SV.0.01.sscore	SV	0.01	99	189.3063583815029	46.00391164132742	20.1826854349874	0.02264477421873556	0.0462644	0.297493	0.6334733893557423
input/fig3ab_prs/sv//fold99.SV.0.05.sscore	SV	0.05	99	762.7514450867052	60.71477271582324	53.101299445503294	0.2528823457204004	0.0112414	0.271696	0.5833333333333334
input/fig3ab_prs/sv//fold99.SV.0.1.sscore	SV	0.1	99	1382.5202312138729	115.34629271878273	83.10034808811508	0.16512601735112864	0.0167423	0.275748	0.5973389355742297
