AD	total_nCCG	max_nCCG	Age	Sex	PC1	PC2	PC3
0	22	11	82	1	-10.80337073	-2.915441852	-2.235944707
0	27	16	84	2	29.01960455	-31.80339075	-0.723843496
0	22	11	79	1	24.66809319	5.721002709	11.71875381
0	24	12	79	1	14.72999674	13.60970533	-8.267721742
0	28	17	72	1	33.99150971	11.30191266	-2.298330586
0	22	11	68	1	-0.427033451	18.98502131	-1.394419214
0	22	11	67	1	21.72461264	17.47232882	-10.36411523
0	22	11	70	2	18.6522403	-7.835673129	-3.534756577
0	26	15	66	2	20.24680784	17.57756803	-0.269930189
0	26	15	71	2	21.19178623	10.26704025	0.115716209
0	26	16	76	1	-79.07588956	9.315565018	-61.97633333
0	33	17	79	2	-52.87598124	3.171452043	30.82233157
0	24	13	78	2	-39.76822046	-1.053044335	4.004839615
0	22	11	71	2	-38.26147688	-2.537960111	33.73925403
0	32	17	81	2	20.43966387	12.93819564	6.188787223
0	22	11	68	2	21.5355454	5.985375466	4.965227487
0	25	13	81	2	8.442555989	12.98245934	4.85281243
0	23	12	82	1	-10.58599646	-18.81494059	23.92400736
0	22	11	80	1	20.42308859	-11.57740103	-1.478045053
0	22	11	71	2	-26.85710567	-0.768685531	4.525219202
0	32	16	80	1	15.38122837	1.505398209	11.06219097
0	24	12	70	2	22.41496185	5.985375466	-8.742300282
0	27	15	67	2	-12.44913961	3.366361012	9.497001
0	22	11	67	2	-47.53643561	1.819772954	30.82233157
0	27	16	74	2	16.54872728	-84.20979574	-17.84796375
0	32	19	73	2	13.76266968	3.893394713	-5.786472467
0	27	16	84	1	0.983251432	6.152099926	0.334012399
0	22	11	78	1	-81.32238928	6.453842773	-57.25156685
0	23	12	68	1	22.29041713	-7.496328964	-6.582352304
0	24	13	75	1	22.08484323	-36.95768063	-8.013478891
0	30	19	78	1	15.21135616	6.359064086	-11.15746108
0	22	11	74	1	-69.73669634	10.71741508	-55.88894899
0	33	17	79	2	-5.607333877	-6.179304109	11.9493499
0	27	16	74	1	20.13161164	6.917571643	-6.281080955
0	24	12	71	2	8.105544167	1.778955258	1.719290673
0	22	11	70	2	33.68738606	2.272299484	1.39406423
0	26	15	71	2	32.05019898	-63.68689165	-18.42421486
0	22	11	84	1	18.87292324	-30.40476099	-2.922420635
0	26	15	80	1	21.60598487	11.42901895	2.276930377
0	22	11	76	2	16.59084553	3.799595845	-3.245081734
0	22	11	78	2	39.26005712	13.47160587	6.229536787
0	22	11	88	1	15.90991173	7.957832454	12.95632194
0	26	15	80	2	-52.28555412	3.171452043	30.82233157
0	25	14	77	2	-21.25088277	13.66770011	-7.442492708
0	27	14	77	2	8.348812203	4.876028236	-14.21756426
0	22	11	80	2	1.811873543	-6.352251843	-5.792179563
0	29	18	70	2	15.27971533	17.17143195	-0.248664591
0	23	12	80	2	-77.82584375	13.47224585	-55.88894899
0	22	11	70	2	14.8999561	-2.568069623	-5.029788406
0	33	17	81	1	3.351451002	0.209629392	3.823553779
0	28	17	79	1	13.91315688	4.875652667	-7.76867766
0	29	18	72	2	15.27971533	8.259002879	-10.24477106
0	34	19	75	1	5.950153541	4.294336321	6.799848115
0	28	15	74	1	0.180460035	-2.862111068	-12.41306652
0	24	13	81	2	-15.96630356	11.09301656	-1.470044102
0	24	12	73	2	-52.98854799	-3.739177145	10.26903412
0	32	16	94	1	-9.180465552	-36.50933658	-13.7426382
0	32	16	94	1	23.49771172	4.640838408	2.48210354
0	26	15	65	2	29.21575577	3.719066756	7.85625873
0	29	18	79	2	16.72563875	3.439746971	14.72055048
0	34	20	73	1	25.7852122	6.719662301	-13.2253048
0	27	16	75	2	17.94918146	-84.20979574	-17.00487089
0	26	15	83	1	-72.60136136	1.54853542	-24.08805679
0	22	11	70	2	-53.17010391	2.672644236	25.11499353
0	28	16	66	1	-12.64793954	15.01882992	2.973020148
0	36	18	80	2	6.321375604	6.132583494	4.643418145
0	26	13	72	2	23.14494457	10.42824324	2.276930377
0	27	16	66	2	20.7858528	-27.50124251	-7.790171773
0	24	12	70	2	-12.93020764	11.06663888	-1.709551327
0	24	12	66	2	15.0514963	16.22856684	-9.574226188
0	26	15	79	1	-50.2085206	-7.268572269	48.91459795
0	22	11	74	2	31.39044403	-5.759031012	1.185632618
0	34	19	75	2	33.87018225	6.048113112	-10.72407532
0	38	22	70	2	-7.363779654	4.132309135	5.15071528
0	21	11	70	1	13.21947618	7.000629231	5.464712369
0	40	20	66	2	-6.837657634	4.132309135	8.410261752
0	22	11	87	1	17.41673391	-1.192713015	2.223852589
0	28	15	85	2	6.126965916	3.478782897	14.25575288
0	33	22	66	2	-55.90188392	-13.02912182	28.86599108
0	21	11	69	2	-50.65546779	-8.196073382	40.35565685
0	22	11	79	1	31.35827601	12.80678872	-1.468169985
0	29	18	65	1	18.88846871	-0.106259591	3.702834261
0	22	11	68	2	23.18811262	-2.142688399	11.72225973
0	23	12	70	1	-14.17509965	-8.262211006	13.31843092
0	22	11	85	2	-13.70066149	18.06136075	-8.982104555
0	21	11	80	1	18.93118137	-30.40476099	-13.26496952
0	23	12	67	2	20.10296815	12.16778173	-8.267721742
0	28	16	72	2	24.39044307	-4.257957818	-0.538828481
0	22	11	80	1	-8.612855732	-8.541196592	14.0577759
0	22	11	81	2	6.954325759	-24.46414552	-26.02399524
0	22	11	66	2	-38.27595449	-9.61637531	30.1300782
0	22	11	79	1	-18.62194567	2.483933247	10.39740174
0	22	11	73	2	19.4943612	6.748555841	-2.11045214
0	26	15	80	2	9.390432057	15.92511386	8.339492491
0	24	12	80	1	-11.64440976	-18.81494059	31.5789065
0	28	17	72	2	9.678205595	10.30748057	-37.14370133
0	22	11	81	2	-100.1085773	12.20690405	-95.63696969
0	30	15	80	1	-12.70961911	2.482556714	-2.386210741
0	22	11	67	1	23.85346018	-32.35721849	-17.26409025
0	24	13	76	2	23.57782265	12.63772641	-8.862635351
0	22	11	75	2	-74.51108936	10.36990321	-42.72916336
0	22	11	69	1	-0.427033451	18.98502131	-3.024843776
0	36	20	83	1	13.01512825	23.00353856	-0.034916813
0	24	12	80	1	4.08991428	-2.879599712	-12.41306652
0	27	16	76	2	15.41187951	-3.025258515	2.99639313
0	21	11	80	2	4.367237952	7.748220051	-5.039051359
0	27	16	75	1	24.02081201	-3.197440165	4.028345305
0	22	11	81	1	-24.73419763	-1.378327467	-4.792859449
0	22	11	79	1	-7.816095136	4.281980348	-28.84171476
0	23	12	67	1	-14.36078005	6.377065815	11.05262151
0	22	11	84	2	21.30601452	10.41953397	0.665469012
0	27	14	86	1	24.88016458	1.911945076	5.460829176
0	22	11	81	2	17.95994155	10.44108768	6.000480356
0	22	11	84	1	24.82013903	-1.352930782	-2.259613926
0	33	17	80	2	-52.87598124	-13.21080659	28.52431851
0	27	16	80	1	5.799791178	-3.690266304	5.240981168
0	47	26	80	1	30.20479294	-23.57144046	-2.840873991
0	22	11	69	2	13.87482427	1.894303384	6.445949665
0	41	21	74	1	15.48922523	7.86902142	-0.671729021
0	33	17	78	2	16.74946433	-14.42441096	7.708633927
0	32	20	87	2	16.8503694	3.439746971	8.680646365
0	22	11	75	2	17.34115918	13.83727189	2.443764807
0	24	13	74	2	15.66990608	4.87326834	-7.76867766
0	21	11	80	1	20.42308859	6.242974744	-11.15746108
0	22	11	70	1	13.21947618	7.000629231	6.009067503
0	25	13	83	2	18.96619324	-4.49726483	-0.551221218
0	22	11	81	2	-100.1085773	6.102044017	-86.32580031
0	22	11	70	1	-7.551430077	-5.082499839	7.498547956
0	22	11	70	1	13.21947618	6.861439955	-1.129487865
0	34	23	78	1	-7.827219526	6.738074164	16.89696759
0	22	11	75	2	-74.51108936	15.84785346	-43.49450611
0	31	20	73	1	27.98648099	7.837584337	19.19757268
0	22	11	81	2	24.044987419999998	5.955544054	-5.672160464
0	22	11	75	1	-69.73669634	-6.727284907	-41.42821376
0	28	17	72	2	24.39044307	18.1644608	-10.36411523
0	30	15	87	1	21.27416754	7.532740151	-5.997647486
0	22	11	73	2	25.61872102	-14.28504777	-6.187586601
0	25	14	80	1	6.907031728	7.606933798	-16.4846185
0	29	15	68	2	-4.30703226	10.40027712	3.257353745
0	24	12	65	2	24.0429266	15.15095963	7.401122758
0	26	15	77	2	14.06162577	4.875652667	-5.786472467
0	24	13	78	1	18.67458478	3.329839248	2.021674923
0	24	13	70	1	1.572463342	12.94678976	-15.90087949
0	24	12	82	2	-50.61636734	-8.634516071	33.36512116
0	24	13	68	2	-45.13608312	14.0514031	-5.0275042
0	40	20	74	2	29.29736001	8.797707273	-3.645170477
0	22	11	66	2	-38.27595449	-3.411625839	15.09447016
0	28	16	80	1	-8.018822663	-4.607361408	4.975503931
0	33	22	74	2	-52.19174826	-7.464892267	29.98834031
0	22	11	69	2	23.9836852	12.63772641	-8.862635351
0	22	11	81	1	14.56150479	7.957832454	1.123284058
0	36	18	80	1	20.06436797	-14.42441096	7.708633927
0	32	19	86	1	20.04202149	21.96712086	0.054459351
0	33	21	68	1	20.19307111	1.228589925	13.5442597
0	22	11	86	1	25.34651331	1.911945076	9.721877558
0	24	12	70	1	0.382337221	5.896315129	-10.26607397
0	29	18	71	2	16.76578894	-0.106259591	-2.55980125
0	32	20	73	1	-49.74936041	-10.4872282	49.0048273
0	23	12	65	2	9.086982275	4.897462911	-1.537737869
0	31	20	72	2	-51.38308342	-8.634516071	40.35565685
0	41	23	82	1	15.48922523	3.240662217	8.006237221
0	23	12	68	2	20.10296815	16.51712958	-10.36411523
0	22	11	67	1	-3.862167044	7.455005999	1.238846819
0	25	13	82	2	3.503818686	9.641667637	-1.470044102
0	41	30	70	2	13.26867574	6.893728616	0.207196211
0	26	15	79	2	14.06162577	6.115623947	6.507537767
0	28	16	80	1	9.982142708	6.155267366	6.863266352
0	24	12	88	1	-45.75981141	-8.432260106	34.13981059
0	23	12	66	2	24.02837296	7.940033039	0.141239696
0	22	11	77	1	-81.32238928	6.275982707	-59.97488189
0	22	11	72	2	12.68776303	7.000629231	-1.489965154
0	22	11	79	2	16.56171741	10.48386126	8.162510877
0	22	11	68	2	13.70400009	2.549856049	6.445949665
0	22	11	86	1	-1.126807675	-12.6998031	3.315904796
0	26	15	83	2	18.96619324	9.205536855	-12.486542590000001
0	22	11	87	1	21.01811808	18.70259575	-11.02411839
0	26	13	76	2	26.87263177	10.43972911	-6.014915344
0	24	13	85	2	3.308542932	-2.064969395	0.433424931
0	26	15	80	1	24.67211788	1.911945076	6.41658081
0	34	20	72	2	15.96866671	5.961257234	6.507537767
0	28	15	85	1	6.126965916	3.478782897	-12.80871322
0	32	21	71	1	-1.851429969	4.526581677	0.345048655
0	22	11	72	2	15.81008471	-22.13885013	-8.160183146
0	37	25	79	2	-24.38382977	-10.88181875	-4.818850005
0	24	12	68	1	-14.36078005	3.989155687	-11.69932346
0	26	15	64	1	-47.53185812	-5.175027238	22.32096684
0	41	30	70	2	13.26867574	7.875568756	8.006237221
0	25	14	77	2	17.52200217	20.43812418	9.705717523
0	28	17	77	2	11.0591489	8.209243693	4.56190657
0	32	20	76	1	24.02081201	-52.56338352	-8.613480496
0	24	12	74	1	-9.451689407	4.281980348	8.410261752
0	22	11	84	2	2.122470741	3.040474805	0.420952397
0	28	18	74	2	15.87729104	9.312303356	4.349988761
0	22	11	70	1	-0.369928924	3.513050161	-12.65229469
0	22	12	79	2	15.49292828	14.17997437	-10.93767729
0	22	11	70	1	-7.551430077	-8.541196592	-2.746671158
0	28	17	77	2	-7.909375745	-4.607361408	5.583140015
0	23	12	75	1	12.35400729	-0.290672699	-0.097390577
0	24	12	74	1	-9.451689407	-3.410263028	32.44973534
0	22	11	85	1	0.645200135	10.62608131	-6.900694157
0	24	13	85	2	-14.81515467	11.66779209	4.85281243
0	20	14	81	1	-44.20222438	-0.066315974	30.93405561
0	31	20	68	2	12.8111097	12.027756	3.857285459
0	34	21	72	1	9.118374251	17.71278428	-2.741989757
0	29	15	69	2	20.49805748	2.863176658	-4.388994682
0	20	11	80	2	34.15063956	3.763150087	14.72055048
0	22	11	79	2	15.49292828	2.327884357	5.870306746
0	27	16	68	2	-28.77107568	-8.262211006	-2.744673776
0	37	21	78	1	-7.827219526	17.18677323	2.625106045
0	29	18	79	2	-38.88120294	-12.62965049	17.93154279
0	22	11	88	1	22.81808759	-27.11094025	-3.210531935
0	26	16	66	2	-54.14708084	-7.056376352	19.4129885
0	22	11	70	2	5.972376947	7.478040402	-12.50827171
0	22	11	87	1	-84.74518452	1.387490121	-50.56672707
0	21	11	80	1	-31.66364249	-0.603340095	-28.50773206
0	22	11	80	2	1.811873543	2.463662553	10.03627894
0	28	21	73	1	27.98648099	8.614732309	3.452046066
0	26	15	79	2	3.759357631	4.159266432	-2.519778693
0	18	11	82	1	-0.560277268	-12.6998031	3.316140981
0	33	17	81	1	3.351451002	9.641667637	-3.978491982
0	24	12	70	1	0.382337221	0.95708723	-13.12495578
0	22	11	75	2	15.56332911	-22.13885013	-14.85132232
0	22	11	85	1	18.87292324	-11.57740103	-1.340488187
0	25	14	84	1	6.167521802	12.44521128	0.149569523
0	23	12	85	1	13.90126314	10.0535791	-1.61804151
0	24	12	83	1	5.118154427	-2.296770216	-10.62959028
0	28	16	78	2	16.74946433	-4.38955089	-8.844749908
0	26	15	73	1	-79.07588956	9.163871607	-57.25156685
0	32	19	86	1	-31.59326951	-6.521250347	6.36200627
0	22	11	74	2	27.32136051	14.7065971	5.205834702
0	29	18	72	2	2.605363579	8.472918865	-0.418963069
0	27	15	68	2	-12.44913961	18.06136075	-10.00696793
0	24	12	81	2	1.316879089	6.152099926	10.55150848
0	26	13	74	1	-33.42425475	-12.26533168	41.66948013
0	32	19	77	2	15.63396769	10.17433975	3.983688771
0	23	12	82	1	-75.38317717	15.20497088	-43.49450611
0	21	17	85	2	6.5770991069999996	3.478782897	-8.010917264
0	22	11	65	2	17.49149343	3.546628713	6.445949665
0	24	12	80	1	-11.64440976	-2.290158816	-6.625893559
0	24	12	71	2	-56.07080525	2.672644236	-33.37300452
0	29	18	83	2	26.38731298	0.156666268	1.249734453
0	22	11	74	1	5.310963741	18.01919652	-9.830769537
0	18	11	81	2	27.29927717	10.34210553	-0.618891845
0	22	11	70	2	14.8999561	-6.054492002	7.033395424
0	26	15	86	2	32.75438619	-63.11400676	-12.42980468
0	22	11	79	2	16.56171741	6.569122118	5.464712369
0	24	12	78	2	4.0438686	3.974325108	14.25575288
0	26	15	82	1	24.67211788	-6.401450643	6.494846095
0	29	18	79	2	24.31622438	1.584279768	6.41658081
0	22	11	72	2	14.51281873	14.68706303	-4.080373653
0	24	12	70	2	-71.01558088	14.23414944	-55.88894899
0	24	13	76	1	-3.886727892	-0.890500385	1.610501895
0	22	11	66	2	33.83305195	5.093554413	6.445949665
0	21	11	69	2	34.64619026	5.42006535	2.931875445
0	22	11	86	1	-50.60750855	-3.191555522	25.07363589
0	37	25	81	1	17.24162882	-25.77202772	-2.922420635
0	41	21	69	1	21.70350227	-23.57144046	-20.9101033
0	24	12	70	2	6.369801164	-1.19169273	6.885377133
0	24	12	84	1	16.3942019	6.023663687	-6.677826907
0	24	12	71	1	-14.36078005	-0.637907041	7.433754259
0	22	11	72	2	-27.64512463	-2.708542263	4.525219202
0	26	15	76	2	8.856055448	4.72083666	-5.885599042
0	26	15	69	1	16.47960739	17.57756803	-0.885680024
0	31	19	77	2	16.72563875	12.93819564	4.520745275
0	24	13	76	1	9.393096307	16.07153393	-19.21523999
0	48	26	69	2	4.222024196	26.60025549	-1.698046806
0	22	11	73	1	-88.93550821	15.84785346	-95.63696969
0	22	11	81	1	34.4199028	15.21028108	-1.338795393
0	24	13	85	2	-33.88722634	-0.357576184	4.647739253
0	22	11	70	1	-5.473377371	18.98502131	-14.54617732
0	22	11	75	2	-3.762556597	18.29755235	0.959957472
0	30	19	69	1	-47.59983145	-16.39148836	8.153045625
0	22	11	84	2	24.36604154	5.955544054	-5.672160464
0	23	12	79	1	0.535183478	11.61655778	-16.38924946
0	28	21	77	1	21.14968997	10.45389351	3.182666717
0	27	16	84	1	5.782264745	-2.296770216	-7.169576187
0	24	13	68	2	-45.13608312	7.392285512	18.75079222
0	33	22	74	2	-12.00514958	13.80482279	-15.80171007
0	28	17	85	1	-47.33528625	-2.040606324	35.04057548
0	30	19	75	1	-75.45761436	14.16974134	-53.40222417
0	22	11	76	1	-30.67456967	4.934208446	-26.53713874
0	33	22	69	1	11.16163884	6.959392355	4.684321314
0	34	18	70	2	20.9635993	-7.496328964	-2.606213519
0	31	20	64	1	-42.284255280000004	6.291733088	-9.916517539
0	24	13	83	2	15.84699519	13.60970533	-2.42585204
0	24	13	74	1	21.18557639	0.179453532	-2.444576783
0	29	18	67	2	-53.67894509	-11.66622843	51.06439481
0	22	11	73	2	25.61872102	4.630277517	-9.486939249
0	22	11	81	1	-55.27057977	-5.5306851	34.08587008
0	24	13	78	2	-10.66231199	1.910403667	10.39740174
0	22	11	75	2	-3.762556597	15.85176444	2.625106045
0	22	11	83	1	16.09253936	15.44922727	-0.248664591
0	22	11	66	2	14.07602063	24.19005058	0.218497948
0	30	15	80	1	5.799791178	9.476387447	0.552925125
0	31	20	67	2	11.85498553	23.00353856	9.705717523
0	42	25	73	2	34.6804533	6.412181264	-2.557150519
0	25	14	84	1	10.88318627	6.155267366	11.60059264
0	25	14	81	2	9.390432057	10.21859945	13.73143359
0	27	16	70	2	25.37460659	7.118471153	-4.950144568
0	32	16	68	2	-47.15302271	-7.27552882	34.06345035
0	22	11	74	2	8.665958339	-20.45725772	1.129522356
0	27	16	70	1	15.30122563	9.679353897	4.349988761
0	29	16	68	2	-53.67894509	-15.59826055	48.14169248
0	31	19	92	1	16.41561374	-14.42441096	1.666869729
0	43	23	78	1	4.222024196	4.426852461	12.49472827
0	24	13	80	1	22.34819225	4.543635598	5.565723838
0	24	13	81	1	-4.23698805	-8.013358178	7.721570173
0	26	15	80	1	20.07807208	16.24555759	3.219494737
0	24	12	76	1	29.5398891	9.009394391	-2.298330586
0	22	11	84	2	8.544788022	4.384951941	-4.354826374
0	31	16	83	1	6.674855982	17.51043278	-1.14101215
0	24	12	85	2	22.50286307	4.772276047	-6.677826907
0	28	14	81	1	-48.9482918	-10.71326442	33.8243862
0	22	11	83	1	12.31212142	4.096451956	7.616166026
0	24	12	74	1	-54.89588851	-10.07314112	27.19591856
0	22	11	80	1	18.93118137	6.242974744	-2.769575505
0	33	17	66	1	-80.25255824	0.872992513	-54.51262774
0	27	16	76	1	-82.70311992	6.102044017	-59.80212617
0	28	16	80	1	15.38122837	-4.38955089	15.64783373
0	25	14	77	2	6.915702792	16.60953217	-4.635692887
0	38	19	72	2	7.441702231	3.055432671	-10.00586258
0	22	11	67	2	-47.53643561	-2.987301658	30.15400061
0	22	11	82	2	-27.65651323	-10.88181875	14.0577759
0	21	17	86	1	16.16745249	12.93819564	-6.65369297
0	24	12	74	1	-54.89588851	-10.8865572	27.19591856
0	28	15	71	2	18.29091182	-3.025258515	-8.844749908
0	36	21	83	2	20.99389781	14.62697961	2.291744697
0	22	11	74	2	13.38801531	7.000629231	2.375464007
0	22	11	78	2	16.47505992	2.327884357	-4.157726916
0	20	11	82	1	11.53192543	5.851013566	7.616166026
0	22	11	79	1	3.816257965	-5.442958341	2.3511314
0	22	11	69	2	20.93739897	-27.50124251	-14.15425323
0	24	13	78	1	-68.27738039	-6.727284907	-48.4505805
0	22	11	82	1	-10.80337073	-10.63390955	14.0577759
0	24	12	70	2	20.4006583	10.92888993	0.665469012
0	22	11	78	1	-3.886929285	2.016786008	10.39740174
0	23	12	66	2	9.086982275	6.39061327	-1.537737869
0	24	12	77	1	30.50097346	-64.93757272	-18.42421486
0	27	14	81	1	5.952189253	3.974325108	14.25575288
0	28	15	66	2	-37.66572022	1.299664162	26.91282709
0	27	16	76	2	23.86683407	3.61487378	6.656011772
0	31	20	65	2	-84.86351227	21.47790241	-60.53608253
0	22	11	72	1	-15.91607438	4.621924281	-31.25449931
0	22	11	70	2	18.67609743	3.995754768	1.39406423
0	26	15	73	2	26.19351154	7.753188047	-3.21311597
0	26	15	83	1	6.674855982	12.12948778	6.506873837
0	24	12	83	1	5.118154427	-0.980276572	-12.04252895
0	27	16	81	1	8.869488646	1.750260916	6.863266352
0	22	11	86	1	26.71322476	7.753188047	3.837291296
0	32	16	68	2	-47.15302271	-2.987301658	27.95694443
0	24	12	82	2	23.56430563	1.584279768	-12.36614002
0	22	11	79	2	29.86442346	8.703617658	-1.468169985
0	22	11	85	2	-33.88722634	-11.18806849	20.46511107
0	26	15	86	1	2.218410979	6.258981804	0.334012399
0	24	12	80	1	14.72999674	13.60970533	1.272231559
0	24	12	82	1	16.77220188	-7.550744174	-18.95789184
0	24	12	70	1	19.23800995	2.324508103	7.647291938
0	26	15	66	1	0.410188513	-0.688334132	-9.72239594
0	24	12	71	2	22.41496185	12.92344728	-2.42585204
0	29	16	68	2	-41.89828126	12.53953107	32.25566221
0	22	11	79	1	31.35827601	4.48565764	2.160854404
0	33	17	79	2	20.67730519	-72.49458793	-12.42980468
0	24	12	82	1	19.86735875	7.929503884	4.56190657
0	22	17	73	2	19.4943612	6.305548682	-6.85756415
0	24	12	89	1	-17.103708	-8.432260106	18.57138911
0	40	20	74	2	20.06436797	-1.222455861	-0.097390577
0	22	11	83	2	28.69254443	16.26994481	-12.56724993
0	26	15	70	2	25.37460659	7.118471153	-6.281080955
0	22	11	79	1	31.07203905	2.532265468	11.06219097
0	22	11	72	2	21.66630955	-80.51152115	-12.42980468
0	26	13	81	1	2.332365178	9.259432578	3.309265264
0	20	11	82	1	11.53192543	5.970550171	-7.265233988
0	29	18	83	2	21.38703013	11.42901895	7.10242067
0	24	13	70	2	-30.48433811	-2.525823926	12.86345655
0	22	11	75	1	28.58662594	16.26994481	-12.56724993
0	38	19	72	1	-6.837657634	17.18677323	-2.208237819
0	29	18	66	1	-12.64793954	-4.435332795	-1.846816831
0	28	15	72	2	1.64070365	-2.740699191	-11.10306336
0	32	20	68	1	11.85498553	11.73112569	-5.386593855
0	22	11	74	2	21.53113711	-80.51152115	-16.87835213
0	22	11	82	1	-20.22356505	4.352825907	-3.915730772
0	22	11	85	1	20.16142469	6.242974744	-18.70017691
0	12	7	82	2	18.88371537	15.69168578	-2.487095939
0	24	12	71	2	22.41496185	12.92344728	3.214179307
0	22	11	68	2	-72.70621403	12.48417923	-42.72916336
0	22	11	86	1	25.34651331	10.54848472	-6.65369297
0	24	12	81	1	8.469370424	15.72297526	-6.900694157
0	24	13	80	1	15.3355925	13.60970533	-8.267721742
0	24	12	83	1	-4.381272524	-11.08781423	9.452476619
0	22	11	68	2	-5.120662994	10.40027712	-11.00677374
0	22	11	76	1	-24.75667915	21.99596243	-19.21523999
0	26	15	80	1	6.78434269	-25.47209161	-26.02399524
0	26	15	72	2	1.64070365	0.479203091	1.865191611
0	22	11	68	2	6.810424419	4.661405754	-1.464325177
0	24	12	68	2	18.7039201	16.22856684	-1.722571666
0	22	11	72	2	20.77397501	4.815138104	-9.486939249
0	31	16	75	1	-2.405876722	1.077543888	-24.72087231
0	18	11	71	2	18.49792319	15.51738441	-10.36411523
0	24	12	81	1	16.77220188	2.324508103	-6.677826907
0	24	13	69	1	23.45685833	6.480942446	0.049862997
0	29	19	87	2	6.633843116	16.51597387	4.85281243
0	22	11	78	2	39.26005712	21.1531417	1.018292332
0	18	11	68	1	21.43820299	-52.69029886	-8.613480496
0	30	19	68	1	11.63287845	10.26183737	5.196378438
0	20	11	81	1	34.4199028	6.048113112	-5.892278638
0	33	18	68	1	19.67099024	10.415125249999999	5.147803491
0	24	13	81	1	10.68571721	20.33057812	15.46492933
0	24	12	85	1	-49.94961526	-12.18310297	35.26073785
0	32	16	68	1	11.44330242	-0.61147586	-10.24067969
0	22	11	70	1	28.25157432	6.266055575	-6.85756415
0	24	12	77	2	23.56430563	18.1644608	-12.56724993
0	24	12	83	1	-2.860364651	5.208710364	-24.72087231
0	21	11	69	2	19.8210323	9.226889728	4.497013454
0	24	12	65	2	14.71288507	-3.247320604	-10.26461493
0	24	13	73	1	-70.94093366	11.03415575	-58.12950845
0	22	11	78	2	6.769904765	16.60953217	-4.635692887
0	30	19	81	1	-55.81553151	-4.609707396	10.46678511
0	29	18	77	1	5.922367614	-2.879599712	-12.41306652
0	30	19	84	1	16.8503694	-14.42441096	-2.222353058
0	22	11	78	2	35.98668694	13.62061685	1.018292332
0	30	19	75	1	24.02081201	6.480942446	-11.44159235
0	26	15	80	1	2.332365178	11.68306474	-37.14370133
0	22	11	82	2	23.04104279	12.31319961	-1.753475508
0	22	11	78	2	-49.88280504	-7.464892267	21.10105209
0	22	11	84	1	8.339526783	12.98245934	-3.813812888
0	34	17	68	1	25.7852122	7.88645773	-10.85532135
0	22	12	72	2	18.58902977	20.17040889	5.698292902
0	26	15	82	1	20.07807208	8.85628301	5.267059818
0	40	20	66	1	-6.837657634	-2.361818138	-6.625893559
0	36	19	67	2	-1.353870394	-3.622554235	-29.50687829
0	34	17	84	1	1.833305425	2.463662553	6.799848115
0	24	12	70	1	18.89673909	0.129231365	-8.742300282
0	27	16	70	2	8.764368308	2.554183173	7.481858179
0	35	23	70	2	-7.363779654	-2.361818138	12.89379912
0	24	12	83	2	-100.4618343	1.387490121	-68.49263414
0	26	15	80	2	-33.61602952	1.399165359	31.09486713
0	26	15	79	1	2.332365178	4.510963138	9.756157403
0	35	23	70	2	10.97524354	8.012765403	8.006237221
0	27	16	71	2	-83.31997923	5.304924628	-50.56672707
0	22	11	75	2	-69.04331435	-4.552577366	-24.08805679
0	33	18	68	2	22.58173684	-25.23247824	-15.50812682
0	22	11	86	2	3.308542932	-0.832375931	0.433424931
0	33	19	73	1	20.13161164	-3.067323093	8.472237238
0	23	12	65	2	24.02837296	7.940033039	-16.81316786
0	22	11	68	2	13.42728765	5.742939866	2.999092536
0	24	12	80	2	-84.74538663	2.542518372	-57.25156685
0	28	15	74	2	10.28822336	5.745322897	1.94958522
0	22	11	82	2	2.319418442	-3.204830678	2.3511314
0	22	11	74	2	21.53113711	-23.19232261	-15.1005239
0	26	15	80	1	-55.93174589	-5.5306851	-16.72637422
0	23	12	85	2	6.390447271	10.76473126	-8.982104555
0	38	20	77	1	29.29736001	9.009394391	3.392348442
0	32	17	81	2	26.72120964	-11.15176759	-6.582352304
0	26	15	86	1	24.88016458	-1.352930782	2.637019549
0	22	11	79	2	13.58561364	7.164975406	6.009067503
0	22	11	78	1	9.494128017	16.83848622	-19.21523999
0	26	15	73	1	-78.60614624	8.713267025	-55.79046236
0	24	12	84	1	10.26408193	4.096451956	-1.537737869
0	22	11	79	2	38.2020421	17.92542206	1.018292332
0	22	11	73	1	-88.93550821	23.45507813	-86.41286133
0	26	15	65	1	0.410188513	22.22616709	-10.73291493
0	39	26	70	2	22.1411059	17.47232882	-2.557150519
0	27	16	65	2	14.87459475	-73.30369314	-12.42980468
0	22	11	82	1	11.53192543	5.851013566	5.071734618
0	30	19	73	2	-52.19174826	-8.196073382	29.98834031
0	24	12	81	1	-2.860364651	3.966638465	-8.5528094629999991
0	26	15	74	1	-33.42425475	3.204813495	-23.70944208
0	24	13	85	1	-12.34087812	14.84920762	-5.975772994
0	33	18	71	1	19.67099024	12.73806872	13.59315998
0	27	14	86	1	5.782264745	8.975127951	-5.039051359
0	22	11	79	2	20.31860015	15.69168578	-1.722571666
0	34	17	70	2	11.95024461	8.720155752	5.196378438
0	24	12	82	1	27.28599083	-4.244214195	-4.596561071
0	33	18	71	1	19.67099024	9.282938165	7.10242067
0	26	15	67	2	8.720169925	4.897462911	6.863266352
0	30	20	77	1	-2.117974685	11.73112569	-0.335194444
0	22	11	83	1	2.330088371	3.040474805	1.583528599
0	39	26	70	1	11.38486454	8.012765403	11.25239164
0	27	16	73	1	-0.652231202	16.83703263	-0.894903503
0	29	18	70	2	-5.314630381	6.902889008	-7.815109938
0	24	12	79	1	30.74854952	8.195457629	-3.21311597
0	24	12	70	2	-56.07080525	2.672644236	-5.0275042
0	26	15	88	2	-47.00517588	-11.66784865	34.13981059
0	22	11	77	2	-57.9558478	-4.552577366	28.86599108
0	26	15	79	2	8.856055448	4.384951941	7.481858179
0	24	12	76	1	30.50097346	-63.11400676	-17.00487089
0	22	11	90	1	34.21180657	-82.59577338	-13.73412326
0	30	19	75	2	3.79376416	-6.585178887	5.240981168
0	21	11	88	1	-31.93028598	6.910803907	21.34504552
0	28	21	77	2	-22.10058482	21.99596243	0.959957472
0	24	12	74	2	-51.02140476	-8.196073382	10.26903412
0	22	11	68	2	25.76305363	12.53353948	-3.429243905
0	27	16	76	2	-70.64724838	-10.81011523	-48.4505805
0	25	14	77	2	3.759357631	4.841144229	0.334012399
0	32	20	68	2	-32.78122106	3.989155687	21.34504552
0	33	18	68	2	-3.405997665	6.511297678	11.05262151
0	22	11	74	1	-51.2395226	-11.68557027	35.54625929
0	29	18	69	2	4.455939659	9.566234637	3.309265264
0	24	12	83	2	10.55730423	4.096451956	15.46492933
0	23	12	83	1	-79.20339501	6.643684082	-50.56672707
0	27	16	71	2	32.05019898	2.272299484	2.879989641
0	33	21	71	1	-33.64029359	3.103111282	7.036370918
0	26	15	86	1	2.218410979	8.975127951	-9.176716283
0	29	18	67	2	-0.323235437	2.029239789	-0.698520444
0	36	18	70	2	11.03056869	5.745322897	-10.24067969
0	24	12	74	2	-52.24669577	-13.13773219	35.54625929
0	30	17	90	2	-47.00517588	0.078026578	37.40368606
0	33	21	74	1	36.96006279	16.30046291	3.046004762
0	28	17	81	1	6.230188401	6.132583494	-5.165457905
0	22	11	65	2	24.30228905	7.940033039	-3.429243905
0	22	11	70	2	18.67609743	3.995754768	2.931875445
0	22	11	79	2	3.881263491	-5.442958341	8.579342155
0	41	21	69	1	21.70350227	15.4886534	7.382104916
0	31	20	70	2	-1.851429969	11.73112569	-10.00696793
0	22	11	72	1	2.040383041	6.215894246	-1.488234522
0	25	14	77	2	-21.25088277	2.307382893	-4.973453951
0	22	11	75	2	-74.51108936	13.50496296	-42.72916336
0	24	12	80	1	4.882433702	-3.690266304	7.989159306
0	22	11	70	2	16.71431329	10.44108768	12.05864019
0	22	11	73	1	2.040383041	17.387344	-17.52535106
0	22	11	89	1	-99.19229706	11.51947022	-86.32580031
0	41	21	73	2	22.13937823	-23.57144046	-8.613480496
0	24	12	84	1	-28.3023702	-0.603340095	4.525219202
0	25	13	82	2	20.03553488	7.929503884	6.317273845
0	27	16	67	2	11.93896357	14.75528114	3.857075676
0	28	17	67	2	-28.77107568	-17.63449112	8.293238185
0	35	18	70	2	11.03056869	20.8698192	9.705717523
0	22	11	84	1	18.87292324	6.242974744	-1.796897534
0	22	11	74	2	31.39044403	-1.842531607	-0.097390577
0	29	18	81	2	9.860456826	9.096341234	4.282222377
0	25	13	87	1	3.054184994	8.54198731	-6.277902381
0	32	21	76	2	1.86675145	2.506911356	3.823553779
0	24	12	74	2	-67.35536591	-10.81011523	-33.56779737
0	22	11	77	1	22.29235978	-2.402009652	-5.029788406
0	32	19	81	2	5.892008433	4.391887612	6.799848115
0	23	12	80	1	25.06646967	0.961336948	6.41658081
0	22	11	79	2	3.361914686	0.794826267	1.076719114
0	23	12	80	1	1.719829218	-15.20169878	18.57138911
0	22	11	80	1	-31.66364249	-1.378327467	12.86345655
0	26	13	81	2	-33.61602952	-1.053044335	-0.603139076
0	23	12	69	1	18.34577035	20.17040889	9.705717523
0	27	16	69	1	-12.90067437	3.366361012	14.38718875
0	24	12	83	1	-35.57030622	1.399165359	-33.97755789
0	26	15	85	1	2.218410979	-2.064969395	0.433424931
0	30	19	72	2	2.605363579	13.38067182	-10.00696793
0	26	15	71	1	2.897551119	-2.862111068	-4.352236632
0	30	20	70	2	-23.63804343	-8.262211006	9.383342114
0	24	12	71	2	23.82958391	14.69221714	-3.429243905
0	23	12	79	2	13.80401658	14.00678314	-2.42585204
0	29	16	64	2	-42.284255280000004	4.436291182	-23.70944208
0	32	21	76	2	3.79376416	6.959392355	-9.176716283
0	26	15	84	1	26.61936874	3.169300471	-5.672160464
0	22	11	68	1	-10.42995126	4.281980348	-20.42219703
0	29	16	80	1	21.92792952	-6.281125542	-1.154192255
0	22	11	65	2	33.83305195	11.30191266	-1.468169985
0	24	12	74	2	-67.35536591	-0.039242948	-41.42821376
0	47	32	73	2	14.33296484	8.905993043	9.51676615
0	22	11	72	2	27.48498741	-2.365846542	3.024065767
0	22	11	77	2	4.093437897	7.748220051	1.242017223
0	28	15	69	2	13.24979686	8.720155752	-6.004788468
0	22	11	70	2	18.6522403	-7.835673129	-2.606213519
0	31	20	68	2	-53.1101258	-2.177421232	25.07363589
0	22	11	80	2	3.928847773	7.748220051	-4.761013321
0	22	11	76	1	-24.75667915	4.934208446	-11.69932346
0	28	15	66	2	-37.66572022	-12.26533168	22.9442994
0	24	12	82	1	-27.6696643	7.014008389	31.0076968
0	35	20	68	1	-50.92887188	-23.71950412	48.14169248
0	33	22	71	1	4.642687218	4.526581677	12.49472827
0	25	14	81	1	15.3355925	7.612804237	-1.013715291
0	22	11	79	1	20.43231493	7.602156883	-3.810736453
0	22	11	75	1	8.234408561	9.312419279	-3.862362414
0	22	11	85	2	6.5770991069999996	3.478782897	14.25575288
0	38	22	69	2	41.70171175	13.62061685	3.263426036
0	22	11	76	1	4.045894871	12.67102933	12.35889381
0	22	11	74	2	28.5864344	11.88646754	2.810251589
0	33	19	73	1	13.71989982	7.70999671	6.317273845
0	22	11	72	1	-88.93550821	10.36990321	-68.49263414
0	42	21	86	1	15.48922523	9.107375876	8.006237221
0	22	11	85	1	24.82013903	5.721002709	-7.181433274
0	26	15	80	2	13.74259286	6.155267366	-6.85756415
0	39	26	66	2	13.62900391	26.60025549	-5.771556816
0	23	12	73	1	-9.451689407	-5.082499839	31.5789065
0	23	12	80	1	1.719829218	12.26468463	-2.978318273
0	33	17	79	2	-52.87598124	-8.931188992	38.11970613
0	23	12	79	1	-35.14141241	-7.757356315	39.71343235
0	30	19	69	2	6.590518838	15.82357804	-4.517033033
0	22	11	80	2	34.15063956	3.763150087	5.870306746
0	22	11	69	1	-53.41723699	-10.07314112	40.35565685
0	22	11	74	1	28.58662594	0.9158656	-1.631558596
0	26	15	83	1	3.060888723	9.641667637	0.149569523
0	22	11	69	2	-50.65546779	-8.196073382	40.35565685
0	24	13	78	1	27.66670293	-2.427201782	3.024065767
0	22	11	84	1	-3.937249885	-8.013358178	17.88975198
0	22	11	66	1	-87.18491506	23.45507813	-69.00464849
0	24	12	81	1	16.77220188	2.324508103	-7.265233988
0	22	11	82	1	11.53192543	-17.43328816	-12.18669518
0	22	11	78	2	-49.88280504	3.818980139	34.98023848
0	43	28	70	2	14.33296484	11.79683546	11.25239164
0	22	11	79	1	24.66809319	8.655437062	2.198907288
0	22	11	86	1	25.34651331	-1.455889935	2.637019549
0	23	12	79	1	25.06646967	-4.011997725	-0.538828481
0	24	12	65	2	28.94363362	-18.45505555	7.708633927
0	24	12	82	1	-4.381272524	-0.041151164	23.09924768
0	31	20	73	2	13.76266968	16.88344438	-11.17450935
0	29	18	79	2	15.63396769	-14.42441096	-3.966771518
0	26	15	76	2	-3.112734917	13.49783251	8.339492491
0	22	11	79	2	7.668222409	3.581102052	-14.21756426
0	22	11	74	1	5.310963741	9.074914944	-3.356057852
0	26	15	76	1	-46.13274825	-2.040606324	25.97939726
0	28	14	77	1	21.14968997	4.772276047	2.160854404
0	24	12	80	1	3.880662761	3.974325108	-3.733927447
0	26	15	81	1	6.78434269	-4.114980046	-10.26461493
0	25	13	69	2	-73.52841905	6.027399984	-41.42821376
0	26	15	68	2	16.23627947	17.57756803	-0.885680024
0	24	12	68	2	24.0429266	15.15095963	5.205834702
0	30	19	68	2	-0.323235437	-0.719238617	3.90558058
0	29	18	73	2	-42.28706145	4.436291182	-4.68978686
0	25	13	87	1	23.49771172	-27.11094025	-20.9101033
0	28	17	72	1	9.313311638	5.104322749	1.94958522
0	26	15	80	1	-52.61466883	-2.948385074	29.98834031
0	33	17	80	2	16.37511708	12.93819564	3.983688771
0	26	15	74	2	10.28822336	12.55390873	-0.894903503
0	22	11	68	2	4.192631431	7.543889521	-0.418963069
0	31	20	67	2	-53.1101258	-13.02912182	48.14169248
0	33	17	80	1	-1.422598163	3.966638465	-9.500202638
0	25	13	69	1	17.23406359	-4.49726483	2.99639313
0	22	11	81	1	-2.79217366	-3.360630059	6.737062892
0	40	28	70	2	11.38486454	5.571168171	3.03797553
0	27	16	83	1	3.060888723	9.259432578	1.979501883
0	22	11	79	2	20.31860015	15.69168578	-2.487095939
0	22	11	83	1	9.105865586	-20.45725772	-8.160183146
0	33	17	80	2	-52.87598124	3.171452043	-22.01412013
0	27	16	70	2	25.37460659	-11.23255748	-6.169050518
0	29	18	80	2	4.100060194	6.296889925	10.55150848
0	22	11	81	1	28.75858762	15.20486363	5.205834702
0	24	12	83	1	19.86735875	8.854811682	3.742794753
0	26	15	66	2	-37.66572022	3.103111282	-33.66472007
0	23	12	82	1	-10.58599646	-18.81494059	5.844586333
0	34	23	66	2	4.172148735	7.806214971	8.731110008
0	21	11	70	2	22.62241712	5.985375466	2.999092536
0	30	15	87	1	3.054184994	8.54198731	-9.176716283
0	28	16	80	1	5.799791178	9.476387447	3.309265264
0	26	15	65	1	0.410188513	5.896315129	-10.26607397
0	32	17	69	1	11.44330242	2.031201948	-10.24067969
0	22	11	65	2	14.07602063	-5.495283225	-7.455608172
0	32	19	73	1	13.39837972	2.031201948	-4.157726916
0	22	11	80	2	3.928847773	7.104750895	-5.039051359
0	24	13	71	2	-6.57266172	-2.631669632	-0.578152743
0	34	19	72	1	-1.374968788	-4.318338898	11.9493499
0	33	18	81	2	9.860456826	9.096341234	10.76498991
0	23	12	72	1	-31.38666131	-2.708542263	21.34504552
0	34	22	74	2	-7.827219526	-6.065359	3.45042975
0	22	11	85	1	-32.85631468	1.684235226	-37.58818055
0	24	12	70	1	19.23800995	-4.49726483	-0.538828481
0	29	18	79	2	18.19136341	12.93819564	10.81564538
0	24	13	78	2	-39.76822046	-7.757356315	17.57052068
0	24	13	68	2	25.02038741	14.31836098	-1.074473914
0	22	11	68	2	13.42728765	19.16940683	12.53872519
0	22	11	70	2	18.67609743	7.003440516	4.26847754
0	22	11	69	2	-50.65546779	-8.634516071	25.07363589
0	22	11	82	1	-0.560277268	-1.32470966	-6.775096577
0	31	20	70	2	-51.38308342	-7.464892267	40.35565685
0	23	12	66	1	19.07806991	11.57476733	4.497013454
0	29	16	75	2	16.74946433	-53.74820437	-7.790171773
0	24	12	80	1	18.05395037	6.023663687	13.09058687
0	24	13	65	1	26.08058075	0.916930962	-7.490235916
0	22	11	80	1	20.42308859	6.242974744	-5.098898445
0	32	20	69	2	-51.38308342	-13.13773219	48.14169248
0	27	16	67	2	11.93896357	12.55390873	-8.267721742
0	22	11	67	2	18.25811993	3.546628713	11.72225973
0	28	15	92	2	24.91944758	-27.11094025	-8.613480496
0	24	13	72	2	22.37635399	0.179453532	-0.097390577
0	28	16	78	2	11.0591489	8.209243693	18.43644146
0	22	11	80	2	1.811873543	-3.910484367	-1.95633452
0	24	12	70	2	2.552678014	4.065578779	4.641038704
0	36	24	81	1	25.67236894	6.719662301	-6.230922615
0	32	21	68	1	-44.66578188	12.53953107	30.82233157
0	35	18	80	2	33.87018225	-40.08006075	6.227596685
0	22	11	79	1	-18.62194567	2.483933247	9.497001
0	28	17	70	2	14.53330464	14.74914879	7.401122758
0	23	12	78	2	13.80401658	7.896383608	13.86316186
0	24	13	80	1	22.34819225	11.42901895	7.629286141
0	26	15	70	2	11.66627112	15.95036911	-0.248664591
0	22	11	70	2	18.6522403	7.614703749	3.77852206
0	22	11	66	2	17.17367726	-2.113381054	-0.324514709
0	26	15	73	2	10.90614129	10.4619244	11.60059264
0	39	27	66	2	-85.52867651	14.49504387	-56.57237146
0	12	11	80	2	31.3574032	-6.579716033	-3.892607201
0	32	20	68	2	-44.66578188	6.291733088	-33.37300452
0	22	11	67	1	2.610782107	18.55160989	-15.90087949
0	22	11	85	2	23.5357372	-14.57534677	7.708633927
0	22	11	83	1	3.19322512	4.427824788	16.23308353
0	22	11	76	1	4.045894871	11.26023351	0.643869843
0	29	18	79	2	-5.928494956	7.991127644	2.804412964
0	24	12	73	2	-67.35536591	12.59669268	-55.88894899
0	25	14	80	1	27.66670293	8.041073389	0.023183151
0	24	12	70	2	-56.07080525	-2.177421232	34.10875991
0	22	11	77	2	-2.410326363	12.99615424	-0.335194444
0	35	18	91	1	1.833305425	2.463662553	3.823553779
0	22	11	77	1	9.363353124	-41.46112147	-1.983055918
0	24	12	69	2	25.24673612	-7.559869678	-3.534756577
0	27	16	66	1	-0.579252287	7.455005999	-2.775573771
0	32	20	69	2	28.27489465	3.719066756	0.217513733
0	26	15	85	1	26.61936874	3.169300471	-2.714228133
0	27	16	79	1	17.61329937	1.505398209	14.72055048
0	29	18	70	2	-74.43346957	21.47790241	-54.35244089
0	22	11	81	2	6.954325759	7.166706457	-16.4846185
0	24	12	65	2	24.0429266	-3.556752282	1.185632618
0	22	11	79	2	7.668222409	9.716602654	-22.48619735
0	24	12	70	1	-14.17509965	-8.262211006	8.061254574
0	30	19	71	1	-47.59983145	-23.71950412	22.32096684
0	35	20	72	1	24.41483224	2.35570688	2.879989641
0	22	11	83	2	17.2305887	13.83727189	-4.080373653
0	33	18	69	1	22.58173684	-52.69029886	-14.20514279
0	23	12	91	1	-30.81133767	-7.512474303	23.92400736
0	24	13	65	2	-50.70502438	-20.07430162	29.40833961
0	22	11	87	1	-84.74518452	11.51947022	-59.97488189
0	34	19	74	2	33.87018225	15.21028108	14.37869562
0	29	17	77	2	11.98408018	6.584319175	2.375464007
0	27	16	80	1	15.38122837	9.205536855	8.162510877
0	27	16	67	2	-28.77107568	3.989155687	8.223877742
0	22	12	74	1	12.65494116	1.158961723	0.114465808
0	22	11	64	2	-38.75485892	-9.61637531	28.40694237
0	24	12	77	2	-88.66642323	6.102044017	-61.78135428
0	22	11	65	2	8.594200715	5.63197262	-3.162070021
0	26	15	73	2	33.17348983	4.48565764	-0.414490075
0	22	11	78	2	15.20771616	6.569122118	13.23571161
0	28	15	72	1	1.836229439	-0.890500385	7.960337579
0	22	11	69	2	18.20433222	9.226889728	11.17410803
0	28	15	66	2	-54.14708084	-7.056376352	34.26284348
0	27	16	84	1	0.983251432	3.280455076	-0.026637962
0	23	12	75	1	29.5398891	7.92472714	12.86207165
0	23	12	85	1	14.88021154	7.288448869	6.009067503
0	24	12	70	2	-33.73382787	3.204813495	-33.4891711
0	24	12	89	1	-2.22904542	3.966638465	1.944370095
0	28	17	80	2	20.43966387	10.17433975	0.665469012
0	40	20	72	2	-6.837657634	4.132309135	-20.42219703
0	24	12	70	2	6.369801164	-1.19169273	7.960337579
0	26	15	83	1	14.08144713	6.155267366	-2.769575505
0	24	12	83	1	16.77220188	-7.550744174	-3.534756577
0	24	12	84	2	20.65494655	7.929503884	1.914517111
0	22	11	84	2	20.65494655	16.54556149	-12.56724993
0	22	11	79	2	3.881263491	-1.945844705	-6.775096577
0	30	20	73	2	13.76266968	17.33128023	-0.248664591
0	22	11	67	2	-47.53643561	-7.27552882	35.04057548
0	35	20	75	1	1.833305425	11.73112569	10.06046797
0	22	11	83	1	16.09253936	2.343011198	-7.948343501
0	33	17	66	1	-73.71001905	3.245908329	-25.60356643
0	26	15	68	2	16.23627947	7.527016748	-1.013715291
0	34	20	74	2	27.28360013	10.79922514	-4.902117082
0	21	11	71	2	-45.28866892	-11.90698009	42.7568269
0	34	23	66	2	10.32902596	14.03859701	-1.698046806
0	22	11	69	2	20.93739897	-72.49458793	-21.84354841
0	27	16	69	2	-47.90736751	-8.618950057	22.32096684
0	23	12	79	2	16.05461986	12.76820261	4.684137506
0	22	11	85	2	3.308542932	0.701459064	0.420952397
0	22	11	68	2	25.76305363	11.71642199	0.141239696
0	28	17	72	2	-1.623857669	0.479203091	-9.500202638
0	22	11	78	1	-81.32238928	0.714261275	-55.79046236
0	24	13	83	2	-39.76822046	-3.759680761	21.6999117
0	22	11	66	1	11.71133154	3.756479144	-8.521409051
0	26	15	81	1	-55.93174589	-7.348073015	34.10875991
0	26	15	81	1	-50.2085206	-12.18310297	33.8243862
0	28	18	74	2	16.54872728	3.439746971	-3.245081734
0	31	16	68	1	-80.25255824	3.063678015	-53.03796187
0	26	15	92	1	20.88116234	18.70259575	0.054459351
0	24	12	78	2	8.407638414	18.03046667	-19.21523999
0	22	11	79	1	21.68005566	10.41953397	6.000480356
0	32	21	66	2	20.19307111	-7.192411174	-6.187586601
0	18	11	70	2	-39.82542777	-2.537960111	23.39963753
0	21	11	83	2	27.15398659	7.753188047	0.023183151
0	22	11	71	2	1.85045382	6.898975965	2.564734713
0	24	13	85	1	-28.3023702	-6.521250347	10.42077287
0	22	11	79	2	13.58561364	18.72079536	0.054459351
0	27	16	66	1	18.88846871	-4.641357831	-0.343067064
0	26	15	71	2	32.05019898	5.093554413	5.565723838
0	29	18	72	1	2.628080143	2.016476281	-3.933460731
0	24	12	69	2	-57.66170161	-7.799765636	34.10875991
0	38	20	73	1	7.441702231	23.00353856	-0.611392236
0	24	12	73	1	-38.7334483	1.428652852	-9.916517539
0	31	16	83	1	6.674855982	9.109255433	4.015545994
0	26	15	64	2	-42.284255280000004	14.0514031	32.25566221
0	33	18	69	2	-3.15133702	6.511297678	-9.500202638
0	22	11	65	2	17.17367726	-1.864148618	-0.082590678
0	26	15	76	2	26.87263177	3.169300471	-3.489388557
0	26	15	82	1	20.07807208	-3.647551773	8.472237238
0	26	15	70	1	5.533750673	-5.162016134	4.975503931
0	26	15	83	1	24.59149425	-4.011997725	8.472237238
0	29	18	65	1	11.438902240000001	10.26183737	5.147803491
0	27	16	74	1	11.08634096	6.473734977	-6.85756415
0	12	6	71	1	8.569171169	-2.71230188	-4.352236632
0	29	18	73	2	10.28822336	12.55390873	-0.611392236
0	37	25	79	2	-24.38382977	-0.888882828	-28.55477617
0	24	12	87	2	-2.22904542	16.55289246	-3.05300869
0	22	11	76	1	-30.67456967	9.252551103	-35.10335727
0	25	14	71	1	16.84727263	2.913119897	2.021674923
0	22	11	79	1	21.68005566	-2.402009652	1.641259702
0	29	18	83	1	6.674855982	16.51597387	-1.14101215
0	20	11	71	2	30.87033168	16.9827517	-2.487095939
0	36	18	91	2	27.28360013	-113.165579	-21.53595907
0	33	17	80	2	-52.87598124	-15.59826055	44.88419952
0	23	12	91	1	-74.72921196	2.982202261	-48.4505805
0	22	11	71	2	32.88343618	5.561195028	6.507537767
0	22	11	85	2	9.427058765	16.07153393	-1.470044102
0	24	13	71	2	23.14494457	7.702317569	7.907785354
0	24	12	71	2	6.369801164	11.34226571	-13.14233089
0	22	11	81	2	-37.38405476	6.387500298	-23.70944208
0	22	11	82	2	18.88371537	6.748555841	-13.2253048
0	35	20	72	1	11.95024461	12.027756	6.188787223
0	22	11	81	1	-24.76865138	-0.603340095	7.433754259
0	22	11	71	2	-38.26147688	-11.90698009	33.73925403
0	23	12	79	2	9.51415202	-5.293169059	-3.625798254
0	27	16	73	1	-49.74936041	-10.07314112	49.0048273
0	24	12	83	1	-2.860364651	6.303652203	-5.22531831
0	22	11	79	2	20.31860015	17.16839432	4.118489048
0	38	22	74	2	-7.827219526	-2.361818138	-6.775096577
0	22	11	80	1	-31.66364249	4.936718784	-28.50773206
0	22	11	77	2	13.03156966	2.339540689	12.1279154
0	32	17	69	2	-80.25255824	6.717142493	-60.53608253
0	21	11	79	1	24.66809319	8.655437062	-1.074473914
0	22	11	79	1	27.42042512	14.7065971	-6.939260967
0	29	18	88	1	29.39526676	4.640838408	2.882225476
0	22	11	75	2	-3.762556597	4.818579405	-11.69932346
0	27	16	66	2	29.21575577	-18.45505555	2.311568115
0	22	11	82	1	27.88282676	14.7065971	15.24915446
0	22	11	76	1	-64.56485708	12.59669268	-53.40222417
0	22	11	82	1	7.317071	7.710232493	-9.176716283
0	40	25	72	2	10.97524354	8.905993043	0.207196211
0	23	12	91	1	9.609666157	5.795821646	-5.812484852
0	31	19	73	2	13.33677383	10.30748057	-5.386593855
0	32	19	92	1	15.74277181	9.312303356	2.882225476
0	29	18	88	2	20.66713887	-3.634153899	-0.538828481
0	33	22	69	2	-51.38308342	-7.464892267	33.53198315
0	27	16	70	2	11.66627112	14.27621239	-3.172793961
0	24	12	70	2	20.4006583	1.230446657	7.647291938
0	28	17	85	2	5.945071237	8.54198731	-6.277902381
0	22	11	70	1	28.25157432	-78.06564615	-13.73412326
0	23	12	81	1	-54.24191573	-4.609707396	19.4129885
0	27	14	81	1	-19.11723321	4.352825907	-20.42219703
0	24	12	70	1	-16.417906	-8.262211006	5.844586333
0	22	11	77	2	-57.9558478	12.59669268	34.98023848
0	18	13	66	2	17.17367726	-0.293510302	-2.665960557
0	22	11	76	2	-2.410326363	14.0376962	-0.686238995
0	24	13	73	2	30.36114286	9.009394391	3.306312133
0	22	11	72	2	15.53998169	-6.054492002	2.99639313
0	22	11	75	2	34.69388021	-40.08006075	-2.840873991
0	22	11	75	2	27.15721625	14.62048493	-1.19065652
0	32	21	69	2	-33.64029359	11.92314071	26.91282709
0	22	11	76	2	4.093437897	4.818579405	-5.165457905
0	27	16	73	1	-49.74936041	-10.8865572	33.8243862
0	22	11	85	1	8.339526783	14.91704148	-13.53517364
0	24	12	82	2	17.27929416	6.023663687	5.071734618
0	22	11	80	1	-40.75005103	18.25488396	-33.4891711
0	32	17	69	2	-47.15302271	-4.514671835	37.40368606
0	22	11	73	2	30.93126302	-63.11400676	-15.17371932
0	22	11	74	2	28.5864344	8.703617658	3.201440478
0	26	15	70	1	13.42735668	7.70999671	5.094671421
0	27	16	69	2	7.171991746	7.710232493	2.811113911
0	29	16	64	1	31.75408541	11.30191266	-3.325797441
0	29	18	75	1	21.14968997	14.49598593	5.196378438
0	22	11	70	1	-45.81456124	-13.23034176	34.13981059
0	26	15	83	2	18.96619324	8.85628301	-8.782138787
0	29	18	71	1	36.94693646	9.567494615	1.018292332
0	22	11	82	1	-0.560277268	14.81376595	-9.833761081
0	24	12	83	1	-42.61488847	-3.759680761	21.6999117
0	27	17	76	2	11.98408018	8.209243693	7.907785354
0	22	11	68	2	21.5355454	-52.69029886	-15.1005239
0	24	13	64	2	-47.53185812	0.078026578	20.961201
0	20	11	71	1	28.25157432	7.837584337	-3.21311597
0	24	12	73	2	5.195672567	-4.509159531	18.57138911
0	22	11	66	2	8.594200715	4.897462911	-1.12533148
0	22	11	74	2	-17.55749104	14.51324953	-15.80171007
0	33	20	73	2	-12.00514958	6.655805157	-3.416707861
0	20	11	82	2	18.88371537	16.54556149	-2.487095939
0	28	15	71	2	-83.31997923	11.03415575	-59.98431218
0	22	11	70	1	28.25157432	-78.06564615	-17.00487089
0	31	19	92	2	-31.59326951	-7.512474303	-7.99017837
0	24	12	74	2	-52.98854799	-8.931188992	33.53198315
0	24	12	87	1	-27.73606404	-1.378327467	20.89836805
0	26	13	74	1	-46.13274825	-13.23034176	27.95694443
0	29	18	77	2	-38.88120294	4.436291182	-9.916517539
0	22	12	81	1	28.75858762	7.92472714	19.19757268
0	26	15	81	2	9.390432057	16.83848622	5.87891355
0	24	12	66	1	16.58066199	8.220347788	-14.49597869
0	26	15	85	2	22.50286307	-6.281125542	-4.730949843
0	27	16	76	2	16.74946433	-4.641357831	17.18397874
0	24	13	65	2	-26.2813063	0.554133279	4.525219202
0	31	20	72	2	5.999231546	23.00353856	-6.792864289
0	22	11	69	2	20.93739897	0.545114969	-2.665960557
0	22	11	66	1	-53.25875094	-5.175027238	33.53198315
0	33	19	72	1	25.91477978	3.665152267	-1.631558596
0	27	16	65	2	29.21575577	3.719066756	7.85625873
0	24	13	68	1	22.56149642	8.963774479	-8.782138787
0	31	19	68	1	-84.86351227	14.16974134	-54.51262774
0	24	12	70	2	-12.93020764	2.482556714	14.38718875
0	22	11	68	2	23.18811262	15.15095963	15.24915446
0	22	11	79	2	-48.89620092	-15.74034194	33.8243862
0	28	16	72	1	-12.90067437	2.482556714	14.38718875
0	22	11	68	2	26.80692951	-34.16114356	-12.60894841
0	22	11	86	2	3.308542932	-0.832375931	0.433424931
0	32	20	66	1	12.8111097	16.88344438	-8.677944046
0	22	11	79	1	31.07203905	-78.33039757	-13.73412326
0	22	11	85	1	18.87292324	-23.59983561	-3.38694576
0	22	11	80	1	-31.66364249	5.053311132	-35.10335727
0	32	16	79	2	20.43966387	-5.886233956	4.028345305
0	22	11	75	2	-69.04331435	-6.727284907	-45.25533907
0	24	12	81	1	-4.381272524	7.466265019	9.472814425
0	25	14	71	1	1.836229439	18.01919652	-8.43156739
0	22	11	91	1	9.609666157	-17.43328816	-14.85132232
0	24	12	82	1	16.77220188	1.208391427	1.245174932
0	21	11	83	2	27.15398659	3.630729592	-5.672160464
0	22	11	88	1	18.0013255	4.703035238	-6.65369297
0	26	15	68	2	-33.24974595	3.103111282	31.09486713
0	23	12	75	2	19.67144175	1.230446657	-3.489388557
0	22	11	79	2	3.881263491	-5.442958341	-5.792179563
0	22	11	70	1	8.569171169	21.78762194	-9.212152501
0	22	11	79	2	16.56171741	5.090365824	4.147151882
0	26	15	71	2	-83.31997923	6.027399984	-61.78135428
0	22	11	78	2	-67.94284325	-7.958174673	-41.42821376
0	24	12	74	1	-54.89588851	-11.28326736	-16.72637422
0	26	15	69	2	9.631130101	14.75528114	-1.031447881
0	43	23	85	1	22.13937823	6.412181264	0.352579038
0	30	19	68	2	27.328346	10.34210553	-1.19065652
0	24	12	71	1	19.23800995	6.023663687	0.576800895
0	33	18	70	2	11.53127911	14.27621239	3.857285459
0	22	11	80	1	21.93195364	4.256787225	-0.845328509
0	22	11	72	2	27.48498741	-4.244214195	8.472237238
0	22	11	82	1	27.88282676	14.62048493	-2.298330586
0	24	12	84	1	7.652660661	7.725219561	-14.21756426
0	24	12	77	1	30.50097346	4.48565764	2.160854404
0	24	12	69	2	-41.24041737	1.428652852	-33.66472007
0	26	13	72	2	28.78382269	18.37146505	6.192630451
0	26	15	83	2	20.03553488	1.505398209	5.071734618
0	26	15	72	2	24.39044307	18.1644608	-0.269930189
0	22	11	70	1	13.21947618	7.000629231	-6.932377966
0	31	20	65	1	-55.90188392	-11.68557027	34.06384696
0	36	19	69	2	-1.353870394	-3.622554235	-29.50687829
0	21	11	80	2	1.811873543	-3.910484367	3.316140981
0	22	11	80	1	21.93195364	6.259047034	-2.769575505
0	24	12	65	2	24.0429266	-2.142688399	-1.348080193
0	26	15	71	1	2.897551119	11.2971507	-15.5147768
0	26	13	81	1	-50.2085206	-3.102324973	32.04364852
0	26	15	70	1	1.572463342	10.73613534	-1.709551327
0	32	17	73	1	11.08634096	8.270441392	-12.44621594
0	25	14	79	1	25.6502645	7.702799414	2.198907288
0	22	11	86	1	6.723688529	7.166706457	-16.4846185
0	31	20	77	1	15.21135616	8.259002879	-14.49597869
0	22	11	87	1	-84.74518452	11.51947022	-61.97633333
0	24	12	67	2	18.7039201	-3.247320604	-8.844749908
0	32	21	68	1	29.04314147	-7.114104282	-4.251453979
0	22	11	84	2	21.30601452	-0.915530651	1.249734453
0	26	13	81	1	-52.61466883	-5.5306851	38.11970613
0	24	12	74	2	-67.35536591	10.71741508	-43.49450611
0	26	15	70	1	17.23406359	-2.600372057	3.133364667
0	26	15	70	1	26.78365372	-38.4777188	-0.723843496
0	30	19	84	1	15.74277181	12.93819564	3.857285459
0	29	18	80	2	21.38703013	4.543635598	-3.045178894
0	24	13	72	1	16.84727263	-4.49726483	7.033395424
0	33	17	83	2	16.37511708	0.39968667	-4.330642728
0	30	19	75	2	-3.1022631	13.49783251	-9.241874896
0	30	19	73	2	-52.19174826	9.866136396	30.82233157
0	21	11	83	1	12.31212142	-17.43328816	-12.18669518
0	26	15	86	2	6.5770991069999996	9.109255433	12.62814446
0	27	16	70	2	8.764368308	-6.199878395	-2.099990021
0	33	18	68	2	11.53127911	14.75528114	-1.338795393
0	22	11	84	1	36.19037897	13.47160587	10.34963899
0	23	12	66	2	18.7039201	-0.293510302	-9.715751851
0	22	11	80	1	-31.66364249	-6.521250347	5.23265885
0	21	11	71	2	-3.896360039	4.469195791	-20.42219703
0	22	11	80	2	-31.0236266	-12.36194123	17.88975198
0	37	25	78	2	28.14211696	-11.38998924	-9.969587802
0	22	11	88	1	16.28529263	-48.52783373	-3.38694576
0	29	18	77	2	5.760047564	4.841144229	9.756157403
0	26	15	69	1	1.572463342	10.73613534	-3.668506082
0	24	13	70	1	4.718304959	-0.688334132	-3.933460731
0	24	12	85	1	6.167521802	9.109255433	3.309265264
0	29	18	78	1	15.21135616	3.240662217	-4.157726916
0	26	13	72	2	-30.48433811	7.922966505	21.34504552
0	41	21	69	2	34.6804533	4.677170427	-8.591912098
0	31	19	77	2	18.19136341	21.96712086	5.686930311
0	22	11	79	2	-34.2670815	-1.838324835	28.40694237
0	23	12	82	1	-79.20339501	6.453842773	-57.25156685
0	21	11	80	2	4.367237952	2.0716204560000002	-1.335325935
0	31	20	68	1	-53.1101258	-11.28326736	29.40833961
0	24	13	78	2	7.989841839	12.98245934	6.569279589
0	41	21	86	1	12.80484238	5.571168171	8.006237221
0	27	16	69	2	15.27608902	13.3499726	4.684137506
0	22	11	66	2	15.75930295	-20.82695425	-14.85132232
0	24	12	87	1	-17.103708	11.66779209	-13.53517364
0	43	27	80	2	-0.490810186	4.426852461	11.87496215
0	35	20	70	2	-22.64629161	-17.63449112	-12.92333818
0	38	26	68	2	-4.601208181	9.778405988	-16.38924946
0	24	13	77	2	23.57782265	3.61487378	13.71555253
0	24	13	85	1	5.610806996	8.975127951	-16.4846185
0	26	15	71	2	-33.52650524	-8.621800308	15.09447016
0	42	23	72	2	30.20479294	-101.086632	-20.08371453
0	22	11	78	2	16.47505992	9.845648717	8.162510877
1	24	12	82	2	16.49866763	-14.81416132	-0.905389223
1	36	18	69	2	-3.910492041	2.916058778	7.754453648
1	22	11	83	2	12.02080953	21.42567179	-4.449601454
1	24	12	83	1	23.41794115	5.632060305	10.12081448
1	29	18	79	1	15.08932592	6.009892073	-9.779327359
1	35	20	76	2	-34.67741233	12.32447752	-31.53663707
1	25	13	87	2	22.19702382	-12.24466854	-3.671103324
1	31	20	82	2	-7.832732561	12.17672153	11.85768298
1	22	11	84	2	1.89299278	6.071020813	-1.818553092
1	32	20	82	2	-27.23625429	8.857394671	4.734619396
1	32	21	84	2	27.8350458	11.70733193	-1.33203505
1	22	11	84	2	15.29673733	11.99235226	5.318534546
1	26	15	73	1	-65.23499162	6.307230807	-46.59841842
1	37	19	70	2	25.04203478	13.18857121	-16.49945063
1	29	18	77	2	-15.75285951	1.550023379	-2.640361253
1	32	21	87	1	2.824676274	24.32861355	-1.168974058
1	26	15	85	1	10.96857493	14.74769821	14.09612242
1	29	18	72	2	13.13733218	15.85557612	14.57070016
1	32	20	82	2	29.77931616	8.933978549	3.935730387
1	22	11	80	2	13.49768157	9.953454161	-7.035315393
1	30	19	82	2	21.61341988	2.690110969	-9.976457746
1	22	11	87	2	19.36600563	2.271424902	-9.976457746
1	24	13	85	2	7.469059097	5.2684231520000004	-1.818553092
1	26	15	84	2	-47.89771803	-24.24937858	59.19155164
1	29	18	86	2	11.50192502	-50.23439674	-11.59588111
1	24	12	80	1	29.12165454	11.60058499	-3.153386351
1	16	11	76	2	7.216297734	-2.118159153	8.623469389
1	26	13	89	2	21.76489659	6.534103566	-3.528719462
1	26	15	84	2	35.45021044	16.86393596	-0.818930083
1	24	12	72	2	-6.338929338	10.42424646	-4.682361075
1	34	17	79	2	1.493341876	6.241982817	-0.906401459
1	29	16	74	1	19.45269662	-13.20888373	-3.671103324
1	36	25	90	2	9.130695982	13.63379854	-2.469330895
1	33	21	82	2	24.63287887	13.39998386	2.994620679
1	22	11	87	1	35.63749697	-3.475139975	0.032741936
1	28	16	70	2	30.96551229	17.73055036	6.545405636
1	35	23	88	1	19.62149292	-94.98523813	-10.43366348
1	26	15	77	2	19.28506892	12.49500556	8.349804102
1	38	25	87	2	22.5036084	-8.620425088	-3.462615326
1	39	20	75	1	13.44035267	14.61403964	-5.644347149
1	32	21	70	2	-7.384117695	8.044164769	9.310475145
1	22	11	81	1	8.348441127	4.384223702	-1.947489059
1	22	11	81	1	0.481594987	4.384223702	5.091431781
1	23	12	83	1	5.998345614	3.080193185	-8.668728022
1	25	14	83	2	-4.432523411	-10.79967202	0.006576908
1	31	19	77	2	-49.83771459	-7.482665633	14.07422864
1	22	11	77	1	21.22248628	11.60058499	-0.615729696
1	34	21	88	1	38.50201609	9.828461563	9.178953765
1	33	22	77	2	9.680107527	5.853875486	-2.60151922
1	29	18	75	2	-15.31373723	-9.770368995	7.665309485
1	22	11	79	2	23.9017697	9.552209868	5.506277489
1	40	28	74	2	-51.58310302	-17.85076001	35.70548247
1	35	23	88	1	38.50201609	-35.52029886	-13.04329191
1	22	11	83	1	6.86893493	7.015365152	-12.56047711
1	29	18	89	2	25.67398175	15.63091389	-7.809591018
1	22	11	88	2	33.74916711	6.013813319	-2.567495873
1	26	15	83	2	11.39369141	16.2219493	7.180762801
1	22	11	81	2	33.18428122	13.46409095	-2.567495873
1	22	11	81	2	22.76752452	9.00598345	-10.5036602
1	29	18	70	2	-15.31373723	7.305704644	16.71645659
1	22	11	82	2	-13.08291036	-3.061245709	9.041058781
1	33	17	90	2	34.65070543	9.828461563	8.663180382
1	22	11	79	2	6.579564656	-0.317700476	-2.641220448
1	22	11	84	1	5.998345614	3.080193185	-3.397931589
1	22	11	87	2	19.74731182	-3.639131855	2.937132582
1	22	11	71	2	20.37540742	9.00598345	0.459714193
1	32	21	84	2	27.8350458	4.931927551	9.549661827
1	35	18	80	2	14.59308198	14.61403964	7.754453648
1	29	18	71	2	-5.115491992	0.023233819	-1.907974334
1	29	18	75	1	16.9179124	12.13051244	0.408101091
1	31	20	81	2	19.94186713	-16.77867223	-1.921517072
1	28	17	86	2	15.77922775	14.4392195	-7.080279647
1	24	13	84	2	21.90203456	-23.02174611	-3.332048485
1	31	20	87	2	-2.090536496	2.870122509	4.845014956
1	24	13	78	1	25.45822997	8.258343259	10.12081448
1	33	17	81	2	12.24797521	-1.609268412	-11.14692081
1	26	15	79	2	27.09830779	1.683292823	2.544097558
1	24	13	75	2	27.32656576	1.683292823	10.41776753
1	24	13	68	1	-0.74189156	-3.519564764	16.30630842
1	30	19	92	1	28.68255516	0.87436332	-1.43652752
1	22	11	74	1	19.4192251	3.355400742	-0.290756648
1	26	15	79	2	23.3752323	-1.568583829	4.965922008
1	22	11	85	2	-17.39607067	-1.372393397	-8.351020185
1	42	24	88	2	34.68840065	9.828461563	4.278299117
1	24	12	82	2	14.66827234	-27.06706914	-11.51698729
1	25	14	79	2	7.527274529	-2.558340068	-9.707722669
1	27	16	87	1	-12.90207433	-7.127701356	9.138563979
1	26	15	77	2	-47.90611269	-16.18069512	50.45173215
1	35	23	85	2	25.66757489	3.661340816	2.994620679
1	29	18	80	2	15.63557789	3.221243841	-0.360272892
1	28	16	74	2	19.00708526	4.081810057	3.297865454
1	31	20	72	1	-51.48147092	-11.46454017	38.80008543
1	31	18	91	2	26.57880494	-83.91451453	-11.38862062
1	22	11	86	1	22.39216152	-2.316220602	-2.380756803
1	26	15	84	1	-43.18482279	-24.24937858	59.19155164
1	28	15	91	1	17.36200088	17.28817298	-3.153386351
1	32	21	76	1	-42.40457782	-5.478743277	29.36345955
1	34	22	74	1	-30.53734572	13.0494837	18.09372134
1	26	15	84	2	26.5313313	-4.716161437	-19.10301823
1	40	28	83	1	6.635688296	2.528922679	-6.697526801
1	22	11	71	2	17.02808337	2.728994988	-0.341124475
1	22	11	74	2	-58.75090411	-20.58809182	10.99198254
1	23	12	83	1	-64.59826351	-11.25419333	41.78770529
1	15	11	86	2	12.38239397	14.80529707	-0.789792196
1	30	19	85	2	8.270076691	11.40279877	-11.11008894
1	32	16	86	1	16.604651	12.13051244	0.258439481
1	30	18	89	2	6.104231207	6.700260787	-1.818553092
1	31	20	72	2	-9.820793542	4.851052904	5.187250462
1	22	11	82	2	-23.3523179	0.326341219	10.23919092
1	24	13	87	2	-15.07463321	6.125118067	4.328097907
1	31	20	81	2	23.70859597	13.39998386	6.306500526
1	23	12	79	1	-57.16421352	-18.0950371	6.37110812
1	29	18	84	1	-13.50978655	-4.817229653	15.02857579
1	31	20	67	2	-0.031607268	3.726775555	7.191157929
1	23	12	80	1	16.63654318	13.5481951	-13.86084061
1	22	11	72	2	-33.64475016	-0.26909263	-25.43686996
1	27	14	90	1	-30.67194656	-3.513967468	13.44539202
1	22	11	86	1	8.348353309	7.377956938	-10.80123255
1	22	11	85	2	-4.186261134	4.524247593	-1.008431336
1	43	21	88	1	34.68840065	4.029638307	9.178953765
1	26	15	83	2	34.79129036	18.64138148	-2.684235344
1	22	11	75	1	22.74746089	2.279172122	-2.912417028
1	29	18	84	1	-2.498196354	26.46908516	-62.78784434
1	25	14	73	1	-51.8835278	3.843326941	-68.4659695
1	30	19	82	2	-27.23625429	7.909280408	-21.63845895
1	22	11	69	2	21.07011392	11.03207275	2.579241163
1	24	12	89	2	15.09834622	2.51504954	-9.976457746
1	30	19	72	2	10.96087547	11.87801203	-2.134818285
1	28	17	70	2	18.22022858	9.948496756	2.579241163
1	28	15	87	1	25.58351613	4.610983247	-1.44946785
1	22	11	90	2	23.77565101	5.171249667	5.506277489
1	32	21	76	1	-53.86145862	5.930291722	-38.41908553
1	26	15	70	2	-6.079222673	-6.013112156	16.30630842
1	22	11	89	2	33.74916711	-10.18580615	12.19532766
1	22	11	76	2	13.18626694	-0.317700476	-5.367850727
1	25	13	81	2	6.851309599	0.205212686	3.136802386
1	26	15	73	2	19.28506892	7.616743161	3.297865454
1	40	20	81	1	11.10289386	2.314415888	3.242018125
1	27	16	77	2	19.00708526	10.70380248	8.398656187
1	28	17	67	2	21.94238182	0.166379238	-12.05494442
1	28	17	52	1	17.15588799	16.2214897	-14.65286868
1	26	15	73	2	10.97851951	16.2219493	4.45770986
1	24	12	69	2	11.1224852	2.728994988	15.63240857
1	31	19	77	2	28.12237099	12.8255143	17.87186032
1	27	16	83	2	24.46471655	11.70733193	6.620330151
1	24	12	84	1	-3.990424345	-3.061245709	4.036306048
1	24	13	86	1	27.09470704	19.2947457	4.730846788
1	22	11	79	2	16.54849632	7.796362615	-10.79553682
1	29	18	84	1	-35.17195332	-5.951663897	26.43139697
1	22	11	87	2	14.81218515	-27.06706914	-14.43765144
1	15	13	78	2	7.216297734	-28.09264924	1.266457538
1	24	13	79	2	9.36332455	12.07506636	0.41753495
1	22	11	86	2	17.86959282	2.271424902	1.675468959
1	26	15	75	2	19.28506892	17.55453508	8.682507993
1	22	11	85	1	-3.990424345	5.596419588	-7.685016747
1	22	11	73	2	33.88679798	16.64905637	-4.740114864
1	22	11	86	2	-15.82834	4.524247593	-2.307370561
1	27	16	63	1	16.44016559	-41.59506823	-11.59588111
1	24	13	83	2	32.8216212	0.990265128	3.314415043
1	28	20	79	2	-15.31373723	-9.770368995	3.509957899
1	22	11	82	2	25.04015658	1.548210834	-5.478690483
1	51	30	73	1	2.049910271	2.284421346	4.751622755
1	27	16	77	1	26.43993004	2.15315354	-9.884868984
1	22	11	74	2	1.706625653	-1.04796213	-6.769302174
1	37	19	63	1	20.14236392	6.474655269	-16.49945063
1	31	20	69	1	8.001048769	11.22637243	18.11285511
1	22	11	81	1	11.10289386	-6.829317179	0.565644775
1	24	12	80	2	19.34059734	19.08982025	8.398656187
1	35	20	86	1	6.768420238	9.733568323	-9.260667798
1	22	11	76	2	13.18626694	12.14754144	-0.789792196
1	27	14	67	1	-0.74189156	3.198514612	-4.682361075
1	22	11	87	1	23.64789095	-11.25958679	-12.05637493
1	22	11	91	2	23.77565101	12.82283314	6.620330151
1	33	22	86	2	-23.43634114	0.083041694	11.69044446
1	33	19	86	2	2.944897218	12.84109623	-9.260667798
1	24	12	78	1	25.88847584	2.279172122	1.46790776
1	22	11	80	2	2.686327875	6.071020813	-4.458926309
1	24	13	66	2	8.500255284	8.525479002	0.171896254
1	22	11	89	2	14.73104373	2.51504954	8.068952941
1	29	17	85	2	33.14064733	15.94644951	5.19274051
1	36	18	83	2	-5.79290186	8.497544749	1.009653337
1	30	19	82	2	0.465306381	11.03354537	3.664029164
1	26	15	92	2	21.76489659	6.534103566	6.43728347
1	22	11	83	2	18.22892984	-5.763374586	9.30436374
1	22	11	77	2	28.80130559	3.503183243	-9.883782334
1	22	11	87	1	20.95153586	19.2947457	-3.781675968
1	28	17	85	2	15.59486578	14.4392195	5.318534546
1	22	11	89	2	18.25282246	5.871281414	1.675468959
1	22	11	87	2	14.81218515	-27.06706914	-8.228055817
1	22	11	82	2	-23.3523179	-5.628675981	8.054869443
1	26	15	77	2	28.89112534	-80.42603407	-19.98335031
1	22	11	83	2	2.914163195	-1.074927921	-1.818553092
1	27	14	72	2	18.22022858	7.616743161	10.25928323
1	34	18	81	1	11.10289386	14.54191318	3.86803007
1	31	16	73	1	-14.46142584	-11.39343963	11.27281923
1	40	28	80	2	35.07477082	6.02227256	2.627605366
1	46	28	74	1	-48.13670387	-16.25111098	50.64666636
1	24	13	78	1	28.26779652	10.87470019	-5.791727506
1	37	26	70	2	25.04203478	-8.620425088	-13.12747426
1	22	11	80	1	29.12165454	10.87470019	-14.50272723
1	15	11	72	2	-25.50407413	-0.26909263	25.79184547
1	37	19	63	1	-6.995570309	7.597356414	5.751076796
1	22	11	78	1	8.397148787	8.305672077	-1.947489059
1	28	18	75	1	-5.672428951	-6.013112156	19.60861402
1	38	27	62	1	9.203954266	2.307247026	-1.319242354
1	36	21	77	2	-47.50877887	-16.18069512	44.92969934
1	28	14	66	2	10.95889521	10.37962944	-6.728856967
1	28	17	58	1	24.57539662	9.841379946	-8.29637569
1	40	20	80	1	-16.97645503	9.427334205	-0.121274256
1	30	19	70	2	42.40609333	16.64905637	6.128063796
1	22	11	72	2	24.70470451	-18.68761726	-12.51658828
1	22	11	64	2	9.236849459	6.779813858	0.41753495
1	26	15	70	1	2.371411979	7.334329364	0.171896254
1	45	35	80	2	21.63483783	-8.620425088	2.627605366
1	27	14	78	2	33.58873444	14.90564111	5.19274051
1	31	20	83	2	16.37852426	18.33314033	0.258439481
1	24	12	84	2	18.72848123	-14.81416132	1.4812651
1	33	20	79	2	28.12237099	-65.52821712	-19.98335031
1	23	12	73	1	-54.41771148	-20.58809182	32.6364594
1	33	22	92	1	38.50201609	4.029638307	4.278299117
1	24	13	80	1	-52.01371488	-20.87887609	40.44222715
1	30	19	82	2	20.23662947	-3.639131855	3.371861442
1	36	23	70	1	-56.59902502	-15.55901161	65.52246147
1	36	25	90	2	-5.469307253	-55.36342308	1.266457538
1	30	19	92	2	6.104231207	10.64774219	-1.818553092
1	24	12	77	2	-48.84909419	-10.16514594	32.01307982
1	24	12	82	2	27.60969958	4.465451264	2.544097558
1	22	11	87	2	11.15637913	14.80529707	11.01093964
1	32	21	79	2	23.33737535	-94.75333671	-20.26445144
1	23	12	73	1	-54.41771148	-15.55901161	32.6364594
1	22	11	84	2	26.60516187	-82.86403634	-22.34458021
1	23	12	78	2	-52.71506809	-18.0950371	45.9928018
1	24	13	88	1	19.62149292	6.474655269	-1.44946785
1	27	14	72	2	-0.512322397	-4.744226467	19.60861402
1	23	12	82	2	23.45360372	4.465451264	14.41550196
1	34	21	74	2	-34.67741233	15.32054765	4.49379416
1	29	18	70	2	22.96656369	-42.84568992	5.317169392
1	26	13	86	2	12.78810081	21.32494612	6.861001717
1	51	24	76	1	-30.53734572	7.195699132	27.59617675
1	22	11	85	2	-8.285164919	4.524247593	2.902804078
1	47	42	88	2	17.46895464	-7.799616664	-10.65864624
1	27	16	81	2	26.49616096	5.372424033	-7.502031422
1	22	11	77	1	5.640117032	3.080193185	-10.80123255
1	24	13	75	2	-54.16321405	0.546954212	-34.70747245
1	28	17	61	1	20.50184398	3.355400742	-2.380756803
1	24	13	71	2	-1.997502791	8.336353999	-4.640859418
1	24	13	88	1	30.96467612	-11.25958679	-13.17322354
1	29	18	71	1	-7.904087293	12.17672153	-3.556790568
1	28	15	87	2	-48.7167172	-4.585717188	21.94423453
1	22	11	81	2	16.61934313	5.586638344	-3.866226841
1	27	16	89	1	24.20335557	-51.22970217	-9.211173085
1	24	12	74	2	26.0974026	9.051818811	10.41776753
1	28	15	76	2	14.40173273	6.307040653	6.861001717
1	42	30	76	2	9.461306158	-7.224945832	-0.477392167
1	22	11	66	1	-49.10531699	4.228745916	27.64051786
1	29	15	75	2	35.73535401	5.52417887	18.66351717
1	26	15	80	2	19.34059734	19.97652652	0.839980659
1	22	11	84	2	2.948009576	-1.074927921	-4.458926309
1	27	16	87	1	-2.675014052	-0.463555044	-1.008431336
1	39	27	82	2	5.98351328	-12.10947255	-3.691366555
1	32	21	85	1	-2.728723818	11.03354537	9.310475145
1	22	11	76	2	-28.91526486	-3.565112359	24.7871736
1	28	15	87	2	-48.7167172	-9.564652072	15.00537283
1	27	16	71	2	-42.7319486	8.264944739	-34.40937583
1	28	15	86	2	-32.61892627	11.84696236	-3.946092496
1	24	13	87	2	14.18851325	3.241802086	-0.425195645
1	26	15	70	2	0.913810058	3.664668848	0.171896254
1	32	21	70	2	-0.279681964	13.31117269	8.138556007
1	31	16	85	2	0.314987308	-5.616091655	11.85768298
1	37	26	72	2	-3.910492041	-3.260762454	-6.280162529
1	22	11	69	2	-32.50884932	-42.90667729	13.44539202
1	22	11	82	2	-23.3523179	2.322458951	10.51775944
1	24	12	73	2	-48.84909419	-7.861456953	32.01307982
1	36	19	89	2	26.57880494	15.63091389	-9.142855465
1	26	15	85	1	29.67766515	9.999034844	0.909088253
1	26	15	80	2	15.63557789	19.97652652	-7.080279647
1	26	15	81	1	29.87488716	9.999034844	1.813692974
1	31	20	80	2	15.63557789	20.55395891	-1.168974058
1	23	12	73	2	2.283871211	1.767769828	-12.50241048
1	22	11	80	2	2.686327875	13.04976134	-16.64080952
1	22	11	80	2	23.37172647	-91.65855302	-20.40705253
1	28	17	61	1	22.90237589	2.15315354	-9.60336567
1	22	11	84	1	0.094076353	7.015365152	8.458203815
1	27	16	69	1	20.50184398	-13.20888373	-11.40757578
1	31	16	85	2	19.98730318	11.14369302	1.516141259
1	33	18	84	2	16.604651	3.221243841	13.85140575
1	27	16	85	2	8.270076691	0.205212686	-10.26703896
1	27	16	85	2	8.270076691	9.648214738	-4.458926309
1	22	11	82	1	-23.3523179	-2.806736652	12.26070494
1	22	11	78	2	30.0820889	9.296406195	-2.567495873
1	22	11	81	2	33.18428122	13.46409095	11.07132927
1	26	15	75	1	-59.03848138	-15.55901161	22.04726486
1	22	11	65	2	-47.17171624	4.228745916	22.42826118
1	22	11	79	2	11.75667566	2.557223094	1.828289049
1	24	12	78	1	-16.6546144	-3.061245709	-8.351020185
1	22	11	78	2	-83.19322684	-2.039949513	-61.44792664
1	23	12	79	1	29.12165454	10.87470019	-9.759574726
1	31	18	89	2	7.416810037	16.29486579	7.191157929
1	22	11	77	1	-23.59624406	-5.862285937	10.51775944
1	22	11	77	2	13.18626694	14.80529707	-6.182995793
1	26	15	77	2	10.97851951	-50.23439674	-5.583678427
1	22	11	86	1	17.48982369	1.797145916	-9.60336567
1	26	15	70	1	-74.03119703	1.807717942	-65.87894896
1	32	21	79	2	40.80372383	16.64905637	17.87186032
1	28	17	87	2	-53.52756856	-17.47265399	32.6364594
1	25	14	88	2	23.77565101	16.83918209	7.057462113
1	22	11	81	2	11.81496113	-0.317700476	1.828289049
1	22	11	81	1	-28.83412869	-4.350168264	16.44669018
1	30	19	79	2	2.882104076	-1.878807537	0.067899227
1	22	11	72	2	20.37540742	11.03207275	4.318076127
1	30	19	79	2	10.96087547	8.225952787	-6.728856967
1	16	13	73	2	-37.12703907	-7.95914338	25.53015858
1	37	19	89	1	24.20335557	11.72489039	-9.289385702
1	22	11	87	1	-18.44696944	7.373666119	-22.29142666
1	34	18	79	2	-51.11852593	-9.02784668	29.78069936
1	27	16	86	1	1.239702624	-7.319467066	-4.570567106
1	24	12	86	1	19.62609998	-94.98523813	-20.40705253
1	31	20	69	2	1.594066228	-9.645080512	9.310475145
1	32	20	81	2	20.48976474	-12.24466854	-11.40757578
1	32	16	79	1	26.43993004	8.731349207	-5.604498563
1	30	19	79	2	32.99864273	-94.75333671	-11.38862062
1	26	15	75	2	-6.079222673	4.584363076	1.611941077
1	22	11	89	2	21.76489659	11.03207275	0.459714193
1	35	19	69	2	-3.961135488	8.113762857	-5.644347149
1	24	13	87	1	13.97445233	3.241802086	7.375406842
1	22	11	76	2	27.15192028	-83.5639393	-14.22071264
1	22	11	81	2	17.97059369	-5.763374586	2.937132582
1	26	15	81	2	19.94186713	0.368427273	-8.545873666
1	22	11	89	1	22.06923794	9.999034844	-0.615729696
1	25	14	75	1	25.70205276	2.279172122	-2.912417028
1	32	16	84	2	27.8350458	14.22808063	-8.085710449
1	22	11	87	1	35.63749697	6.013813319	2.068997438
1	22	11	86	2	25.78499929	5.171249667	-12.01999255
1	26	15	80	2	23.33457627	-4.716161437	-5.49629904
1	47	42	84	1	2.443848043	-1.904146855	-7.452423155
1	33	18	71	2	-5.684101627	7.597356414	-11.14692081
1	24	13	82	1	27.60969958	5.632060305	-0.365502149
1	22	11	80	2	13.49768157	11.99235226	5.719923444
1	27	16	85	2	0.314987308	-0.463555044	6.434761669
1	24	13	78	2	-47.14544613	-14.20891437	34.85579744
1	35	22	77	1	8.789051607	2.916058778	5.751076796
1	28	14	78	2	35.73535401	6.02227256	-3.346217512
1	26	15	76	2	-47.90611269	-10.61970248	36.34068543
1	22	11	70	1	-56.59902502	-15.55901161	6.37110812
1	31	20	87	2	-7.678627747	2.530440948	1.029957586
1	32	20	77	2	-49.1630122	-7.482665633	51.8051772
1	28	15	85	2	35.45021044	20.13454147	-15.67768832
1	31	18	75	1	13.44035267	-3.95449391	1.744534219
1	26	19	86	2	8.927414863	23.81017339	-3.382036984
1	22	11	81	2	27.72302516	-82.86403634	-14.22071264
1	26	15	84	2	12.80022213	-0.474349055	7.587079223
1	33	21	82	2	25.96187694	-5.289933269	-16.49945063
1	39	21	89	1	33.58556409	9.828461563	5.281413619
1	31	18	77	1	26.43993004	-51.22970217	-5.470257649
1	22	11	79	2	-83.19322684	-11.25419333	-40.4577604
1	35	20	76	1	-34.31770417	15.32054765	13.80524228
1	29	18	73	2	-15.75285951	-56.36749159	-2.640361253
1	40	28	74	2	-3.910492041	-8.8193258	-5.796183446
1	24	13	74	2	-16.22728152	-9.770368995	-1.661630368
1	38	26	66	2	-8.573356688	12.17672153	11.69044446
1	24	13	80	1	-65.23499162	9.855073427	-46.59841842
1	27	16	77	1	26.43993004	-51.22970217	-5.062945999
1	22	11	83	2	29.62332525	4.717757921	-12.28040984
1	25	14	75	2	27.18258605	10.64378527	2.798836167
1	24	13	83	2	22.22945744	2.492695923	-10.5036602
1	22	11	68	2	22.22701555	24.32339629	-7.731179634
1	29	16	81	1	11.10289386	-50.23439674	-9.133186738
1	24	13	66	2	4.518871984	-1.878807537	-0.926325682
1	27	16	83	1	-2.675014052	-0.463555044	-7.685016747
1	22	11	70	2	30.7625174	4.029671353	6.528220574
1	32	21	84	2	2.824676274	11.86670859	1.029957586
1	37	26	83	1	-32.89343547	16.37985914	27.59617675
1	31	20	83	1	19.37717639	9.948496756	1.516141259
1	22	11	85	1	0.094076353	4.384223702	6.434761669
1	27	14	72	1	-7.904087293	12.17672153	-6.383816333
1	23	12	78	1	25.88847584	12.55804612	-14.50272723
1	26	15	80	1	-59.03848138	-13.76999874	-11.12399401
1	24	13	79	2	23.3752323	-1.568583829	14.41550196
1	32	16	74	1	-14.46142584	-7.127701356	-2.640361253
1	22	11	82	1	32.27314131	-48.85213027	-5.062945999
1	24	13	81	1	15.73262182	7.616743161	-16.71620383
1	24	12	81	1	15.69820721	-4.359931877	9.453868939
1	45	24	75	2	13.07947544	2.314415888	11.95701219
1	22	11	86	1	10.04155306	4.52887015	-6.599770409
1	22	11	74	2	27.00006795	-16.05228497	-16.19578967
1	28	16	74	2	14.40173273	3.241802086	6.861001717
1	22	11	91	1	-55.49304057	-18.0950371	37.60052655
1	24	13	85	1	21.90203456	4.610983247	3.154455767
1	26	15	83	2	12.80022213	9.028658768	7.180762801
1	28	16	80	1	-16.97645503	12.32447752	15.02857579
1	23	12	83	2	23.68852635	-9.070063749	9.30436374
1	27	16	67	1	22.90237589	-0.33072114	-6.676184402
1	28	15	72	2	10.95889521	4.404126207	4.893087276
1	22	11	74	2	33.88679798	6.02227256	2.798836167
1	40	28	84	2	-24.88954556	-10.91805248	18.09372134
1	39	20	80	2	35.07477082	17.49147569	9.178953765
1	22	11	81	2	16.67034266	7.796362615	-7.080279647
1	26	15	84	2	11.39369141	-50.23439674	-8.017453644
1	24	13	83	2	21.90203456	0.414203249	-1.047609318
1	27	16	83	1	-2.675014052	-5.616091655	10.43939745
1	40	28	83	2	18.06776146	14.61403964	10.33975472
1	31	20	82	2	-7.832732561	2.530440948	8.138556007
1	36	25	85	2	-16.70540518	-10.91805248	27.59617675
1	24	13	90	2	36.15511359	-10.18580615	0.032741936
1	22	11	62	2	-47.87948303	-13.17082701	23.11741828
1	35	23	78	1	-3.602857932	-1.408834177	2.502173058
1	26	14	58	1	16.44016559	0.207800401	-9.779327359
1	37	26	94	2	20.53673865	-48.55009427	-3.671103324
1	23	12	77	2	-46.33175024	4.228745916	-34.40937583
1	23	12	82	1	17.37847505	-14.81416132	-12.05637493
1	22	11	71	2	26.72471113	-1.568583829	6.528220574
1	24	13	68	2	-1.997502791	5.558945312	-6.519675997
1	22	11	78	2	16.54849632	7.188512462	3.297865454
1	22	11	87	2	11.15637913	15.40004877	4.646443914
1	38	26	82	1	5.98351328	6.090932974	1.392182056
1	22	11	84	2	17.39140675	0.814314771	-9.976457746
1	28	17	67	1	22.70908101	-4.736333158	-4.570567106
1	24	13	81	1	23.44929044	15.31921404	-12.75098521
1	22	11	86	2	10.04155306	2.557223094	-6.599770409
1	29	18	80	1	-5.646781854	-3.664046684	0.006576908
1	36	18	83	2	-5.79290186	-3.325307513	-2.397723019
1	30	19	85	2	0.314987308	13.31117269	8.458203815
1	34	19	85	1	-63.05475006	8.105807139	-46.59841842
1	30	19	79	2	42.40609333	16.64905637	18.66351717
1	22	11	86	2	17.48982369	5.426055622	-1.047609318
1	22	11	80	2	23.37172647	-91.65855302	-31.71914216
1	22	11	64	2	9.236849459	0.103385918	-1.45711689
1	23	12	82	1	32.27314131	15.31921404	-5.117359975
1	27	16	87	1	29.67766515	0.87436332	3.240615451
1	37	26	66	1	-19.24318412	15.32054765	13.80524228
1	22	11	71	2	26.72471113	9.051818811	2.798836167
1	28	15	72	2	-15.86040997	-56.36749159	14.17266105
1	31	18	89	2	34.64650756	0.900113971	-8.085710449
1	29	18	86	2	33.48618708	16.86393596	-6.808774217
1	33	22	86	2	27.8350458	-91.46030958	-20.26445144
1	24	13	90	2	15.09834622	6.009892073	-9.976457746
1	30	19	73	1	13.44035267	-3.95449391	-2.601113992
1	25	13	84	1	22.22945744	4.610983247	3.391296735
1	22	11	83	2	29.4736025	23.57482929	-4.325041414
1	22	11	71	2	31.08799961	9.296406195	2.798836167
1	54	28	90	2	29.77129009	-41.60507425	-5.470257649
1	27	16	83	2	-26.22460338	8.491165607	11.27281923
1	26	13	81	2	23.70859597	8.933978549	7.057462113
1	39	21	80	2	6.570401039	5.967166464	11.95701219
1	26	15	70	2	12.87769663	21.32494612	14.2264451
1	31	18	82	2	25.96187694	14.22808063	-2.444293487
1	22	11	83	1	-8.885040239	6.555482236	-1.89252441
1	28	17	52	1	-0.74189156	-8.587732306	5.77502445
1	26	15	81	2	31.77335482	4.931927551	-4.784505471
1	32	21	84	1	25.25008004	11.72489039	-7.670129397
1	22	11	87	1	23.64789095	5.632060305	2.068997438
1	26	15	83	1	10.96857493	11.63726895	-2.134818285
1	23	12	87	1	35.63749697	-10.18580615	13.81399776
1	32	21	71	2	11.21813893	-7.781846006	-5.488209928
1	36	23	74	2	-54.73083184	0.546954212	-46.59841842
1	27	16	75	2	-26.80679281	7.195699132	18.94809376
1	22	11	86	2	22.39216152	11.24825343	1.674815529
1	24	13	87	1	13.97445233	-6.346586331	0.565644775
1	28	15	83	2	11.39369141	16.2219493	14.2264451
1	22	11	77	1	8.397148787	4.384223702	-3.397931589
1	36	25	87	1	-5.469307253	0.023233819	-8.047461209
1	29	18	83	1	19.37717639	8.62367427	3.130621327
1	23	12	81	1	-28.83412869	2.322458951	1.924899901
1	22	11	88	1	0.630459926	4.384223702	7.434946575
1	22	11	78	1	31.15707603	11.19278913	-7.171893848
1	28	16	80	2	12.73211706	9.028658768	10.10436674
1	24	12	82	1	14.66827234	5.514858953	-4.313689416
1	22	11	69	1	2.345241266	-2.23010726	-0.30582781
1	32	21	87	1	-2.728723818	1.879460117	15.12212009
1	34	22	87	2	-70.35379917	20.57188058	-65.87894896
1	26	15	89	2	19.40815207	12.49500556	-0.701063341
1	28	16	76	1	26.06772916	-0.33072114	-9.60336567
1	22	11	67	1	29.94985983	1.6126562	-2.418694434
1	30	15	78	2	-4.304513423	7.642617232	-4.640859418
1	32	21	79	2	23.33737535	-42.84568992	5.317169392
1	22	11	68	1	-19.53245964	-10.45096258	-22.29142666
1	33	20	85	2	21.93144897	13.42815551	2.994620679
1	26	15	76	2	28.89112534	10.64378527	-3.999962408
1	24	13	81	2	-12.82103033	2.565794084	2.280814328
1	26	15	85	2	35.45021044	18.20785826	1.077122129
1	22	11	66	2	-32.98276847	7.102265056	13.44539202
1	22	11	90	2	19.40815207	0.573099102	-6.207884375
1	22	11	77	1	8.397148787	8.305672077	-1.004331898
1	22	11	84	2	8.958960265	5.310978075	-2.641220448
1	22	11	78	2	11.75667566	2.557223094	-7.931675922
1	32	27	84	2	0.652672771	1.879460117	-6.697526801
1	22	11	66	2	-11.20749819	5.348140255	24.2502309
1	40	28	90	2	5.810415721	-8.8193258	-6.697526801
1	31	18	82	2	35.09167103	6.828739278	6.241334385
1	26	15	75	2	0.913810058	8.336353999	-0.926325682
1	22	11	86	2	22.39216152	11.755478	-2.091875076
1	24	12	80	1	17.46407089	13.5481951	-4.351465853
1	22	11	75	1	12.83594349	1.356094738	-6.182995793
1	29	18	72	2	-5.115491992	-2.794914783	-1.907974334
1	26	15	73	2	19.28506892	17.55453508	8.349804102
1	23	13	84	2	36.78780561	-3.475139975	13.81399776
1	33	20	85	2	25.25008004	-83.91451453	-11.38862062
1	24	13	84	2	7.469059097	6.993295579	3.136802386
1	22	11	71	2	11.0119619	-2.23010726	-6.599770409
1	25	13	83	2	10.68540416	14.74769821	-7.931675922
1	32	21	71	2	40.80372383	16.64905637	-1.33203505
1	22	11	75	2	26.88292659	-19.12725134	-9.580344984
1	26	15	75	2	18.91473984	19.97652652	5.54702513
1	22	11	83	1	-64.59826351	-0.444197317	25.04669713
1	26	15	85	1	-3.391099033	12.294243	-6.383816333
1	22	11	91	2	5.576297993	2.51504954	-2.641220448
1	22	11	85	2	-4.186261134	-12.74212966	8.492057517
1	28	15	82	2	35.09167103	10.54889182	-8.654519043
1	33	21	92	2	7.416810037	16.29486579	-9.260667798
1	31	19	88	2	22.50057593	9.302766676	6.306500526
1	24	13	82	1	22.7383909	8.869485143	10.84714537
1	35	24	78	1	8.789051607	-1.408834177	-5.644347149
1	24	12	69	2	22.22701555	6.534103566	-0.921581373
1	22	11	82	2	-83.58697022	5.289882751	-61.44792664
1	26	15	85	2	25.82430829	10.6755158	0.759209214
1	21	11	87	1	23.64789095	-4.023433734	6.00892044
1	24	13	88	1	7.326406687	6.993295579	-12.56047711
1	26	15	85	2	34.79129036	18.64138148	1.575866153
1	38	27	67	2	23.17760286	-101.7158223	-14.88997032
1	32	17	61	1	22.46762309	13.66198581	3.189981762
1	24	12	69	2	21.07011392	8.146625059	11.39953407
1	29	18	89	2	25.67398175	15.63091389	-4.325041414
1	44	23	74	1	-42.40457782	2.038742105	-46.59841842
1	22	11	71	2	-33.64475016	1.452132981	-13.96415901
1	22	11	67	2	9.236849459	-3.1405673	-7.931675922
1	24	13	68	2	27.32656576	-80.43194532	-21.11994673
1	22	11	80	1	-28.11599836	-3.565112359	-3.517390866
1	35	20	81	1	8.348441127	3.714431442	5.751076796
1	22	11	88	1	22.06923794	2.636568028	-0.290756648
1	22	11	87	1	35.63749697	-10.18580615	13.81399776
1	29	18	74	1	-0.676600349	3.726775555	1.611941077
1	22	11	78	2	16.54849632	6.279499409	-0.341124475
1	27	16	75	1	-34.31770417	15.32054765	9.138563979
1	22	11	86	2	-2.624600511	4.524247593	4.036306048
1	24	13	78	2	-1.997502791	8.745799018	-14.36471922
1	29	18	80	2	23.33457627	14.78004065	10.45103232
1	24	12	84	2	29.45674454	23.57482929	-5.079204949
1	22	11	62	1	-49.10531699	4.228745916	13.07756161
1	29	18	76	2	-14.08713805	6.125118067	-2.640361253
1	28	15	83	2	12.80022213	13.30968884	6.861001717
1	22	11	82	2	25.72119604	-91.65855302	-20.40705253
1	32	21	85	1	2.623191055	7.334329364	8.138556007
1	23	12	68	1	17.15588799	-10.45096258	6.00892044
1	30	19	82	1	35.09167103	3.626530041	-10.61145516
1	41	27	83	2	5.98351328	-1.904146855	10.33975472
1	24	12	78	1	18.22959004	13.5481951	4.730846788
1	27	16	77	1	-1.322168578	-5.616091655	16.30630842
1	29	22	71	2	11.21813893	16.2219493	-5.636944422
1	25	15	78	1	-43.10605762	-11.14686328	17.73612219
1	22	11	76	2	10.78641766	2.557223094	5.319633975
1	22	11	75	2	15.59025018	-6.149816849	5.375734039
1	22	11	77	1	5.640117032	4.384223702	-8.668728022
1	22	11	78	2	11.75667566	21.42567179	0.41753495
1	26	14	86	2	25.12418215	3.661340816	-5.478690483
1	26	15	83	2	28.05192147	8.933978549	-3.999962408
1	28	17	86	2	28.98029239	-72.03235202	-14.88997032
1	29	18	77	1	26.43993004	2.15315354	-6.676184402
1	22	11	80	2	13.49768157	9.953454161	-13.43482098
1	22	11	89	2	16.93135268	0.824056587	-8.545873666
1	24	13	74	2	-54.16321405	-20.58809182	50.45173215
1	26	15	64	2	18.62754135	16.2214897	8.398656187
1	28	16	86	2	0.931870386	3.198514612	-7.702168249
1	37	26	66	2	-47.50877887	-15.89144409	50.45173215
1	24	13	73	1	2.830827425	8.525479002	-12.50241048
1	40	28	88	2	5.810415721	-12.10947255	-5.583678427
1	22	11	65	2	-47.17171624	12.47852627	22.42826118
1	24	12	69	2	21.07011392	2.961569125	-4.84922582
1	28	16	74	2	33.58873444	16.64905637	3.99591426
1	23	12	82	2	23.45360372	11.96875918	5.506277489
1	22	11	87	2	19.36600563	-5.763374586	5.375734039
1	30	19	76	2	42.40609333	16.64905637	7.990955599
1	35	24	88	2	-32.89343547	-10.91805248	27.59617675
1	37	19	81	2	19.94186713	0.368427273	-9.289385702
1	22	11	72	2	31.08799961	8.610710779	1.047678841
1	38	20	81	1	0.481594987	6.241982817	-0.611479062
1	37	26	83	2	-68.58839142	1.807717942	-61.44792664
1	26	15	75	2	13.75809601	-6.346586331	9.30436374
1	28	15	86	1	25.58351613	8.384535309	3.130621327
1	32	17	86	1	-47.69811114	-9.564652072	34.95863363
1	34	17	79	1	15.08932592	4.009795558	-2.161531875
1	24	13	86	2	13.97445233	-6.346586331	9.453868939
1	22	11	67	2	9.236849459	6.779813858	-4.54461359
1	22	11	81	2	33.18428122	6.013813319	12.0818206
1	22	11	87	1	-18.44696944	10.71388284	-2.908394739
1	22	11	69	2	21.07011392	11.24825343	8.349804102
1	38	26	94	2	17.46895464	-3.530935388	-10.38576597
1	24	13	82	2	22.7383909	4.435924455	-3.462280729
1	25	14	78	2	27.18258605	-19.12725134	-5.062945999
1	34	21	88	1	17.36200088	-3.530935388	13.85140575
1	24	13	87	2	27.09470704	-91.46030958	-14.22071264
1	30	19	82	2	0.465306381	1.879460117	5.091431781
1	24	12	70	1	-56.59902502	17.85511074	-46.59841842
1	22	11	78	1	31.15707603	11.19278913	-7.171893848
1	22	11	84	2	15.29673733	11.99235226	-7.080279647
1	27	16	81	1	0.481594987	-0.463555044	3.664029164
1	29	18	89	2	25.67398175	3.661340816	-2.694022688
1	32	21	85	1	-47.69811114	-14.44997643	21.94423453
1	22	11	75	2	7.061080582	22.16088921	-2.974990841
1	29	18	77	1	27.01322799	-24.25694618	-9.580344984
1	28	15	65	2	21.94238182	-12.24466854	-12.05637493
1	22	11	73	2	-77.65263623	-0.444197317	-50.18597129
1	29	18	86	2	-7.678627747	12.17672153	-1.543882137
1	23	12	84	1	-3.990424345	-3.061245709	-3.883266555
1	22	11	87	2	14.81218515	3.213394044	-5.133402282
1	24	13	79	1	-65.23499162	3.891204729	-34.40937583
1	28	17	87	2	6.19086106	6.700260787	3.136802386
1	43	24	76	1	-42.40457782	-0.903857883	-5.18920517
1	27	16	81	2	25.88501736	-4.716161437	-19.10301823
1	22	11	84	2	2.948009576	-1.074927921	3.629176008
1	22	11	76	1	-21.51425605	1.522429071	6.600259829
1	27	16	83	2	24.46471655	4.931927551	4.965922008
1	28	15	80	1	-5.646781854	-12.2290081	-3.691366555
1	24	13	85	2	28.83900248	1.402746129	-5.478690483
1	33	19	81	2	31.77335482	14.78004065	8.663180382
1	29	18	75	1	19.45269662	0.104052036	-9.396636789
1	29	18	73	2	-10.66538769	6.125118067	8.522979239
1	22	11	86	2	17.48982369	5.586638344	-1.047609318
1	35	23	71	2	-3.961135488	-1.408834177	7.754453648
1	30	19	70	1	-74.03119703	10.50061577	-23.67548121
1	33	22	79	1	-42.40457782	-4.585717188	21.86193843
1	22	11	87	2	14.21359192	9.953454161	-4.313689416
1	31	20	67	2	9.640621371	2.810641279	0.258439481
1	25	14	88	1	30.96467612	3.325183255	-0.290756648
1	36	25	85	1	-16.70540518	-3.645153403	11.69044446
1	29	17	65	2	21.94238182	13.42815551	-18.20847565
1	24	15	78	2	20.46891969	2.961569125	-4.84922582
1	37	21	89	1	24.20335557	17.66121368	-1.073044378
1	22	11	89	2	36.15511359	6.013813319	6.128063796
1	20	11	92	2	5.576297993	0.573099102	-2.641220448
1	31	18	77	1	-0.916246547	13.31117269	11.85768298
1	30	19	86	2	8.927414863	16.29486579	-12.84969859
1	22	11	76	2	13.18626694	12.14754144	-13.43482098
1	24	13	79	2	27.09830779	-80.42603407	-14.22071264
1	27	14	78	2	14.40173273	3.241802086	14.2264451
1	36	24	83	1	9.130695982	2.314415888	4.479650494
