AD	total_nCCG	max_nCCG	Age	Sex	PC1	PC2	PC3
0	27	16	61	2	44.15428966	13.92680539	-18.88315003
0	27	16	53	2	-60.30430885	12.12793225	20.98009813
0	22	11	64	1	43.16601465	2.334269056	-10.1520265
0	22	11	73	2	69.26481392	6.19304634	-50.7257115
0	22	11	75	1	54.7256547	8.020551308	-22.40677079
0	23	12	61	1	10.34040414	-18.61182504	18.48951907
0	22	11	72	1	31.89217511	14.40483434	15.11477461
0	27	16	62	2	13.95684352	-88.60563463	-13.5208829
0	26	13	66	2	-60.74384432	12.9031366	31.78375937
0	22	11	61	1	-26.24578342	6.867897567	-0.535811206
0	23	12	56	2	19.98829767	29.36180055	19.70783793
0	22	11	76	2	5.419161	6.756387594	16.37863375
0	21	11	65	2	23.77723337	6.141635897	11.71456617
0	23	12	56	1	-33.39217015	7.893445311	4.569024548
0	26	13	75	1	24.74358763	7.915508439	3.191846488
0	22	11	62	2	18.30143065	-2.095689585	15.6257091
0	22	11	70	1	0.990672623	5.196890702	20.81031152
0	30	19	63	1	-35.95183553	16.34077804	-19.01325348
0	34	17	68	1	-47.32886366	7.893445311	-7.112439716
0	22	11	62	2	28.68874444	7.335827028	-4.815248041
0	26	15	63	2	13.95684352	-11.86970785	-16.21427403
0	20	10	63	2	31.7502572	16.8661333	-10.97976818
0	22	11	73	2	69.26481392	4.900767952	-53.54874844
0	36	18	70	2	19.28281367	-15.36835562	3.001963092
0	22	11	68	2	22.99222122	-5.96793357	7.970036341
0	24	13	62	2	7.999181368	2.061922677	28.68507264
0	22	11	52	2	24.61982284	-9.233698107	-1.403132955
0	22	11	66	1	43.49847014	30.43318859	-11.85347811
0	22	11	70	1	-3.437261957	-19.26836198	-13.35926473
0	22	11	64	2	14.91713465	-7.225615866	10.09355616
0	22	11	61	1	23.04230162	-5.142745182	-8.529722612
0	22	11	65	2	30.5264597	7.636366527	11.17168977
0	22	11	72	1	6.949204867	-15.68667226	15.85239392
0	20	11	72	1	-40.84171714	-32.94197015	-19.00209099
0	22	11	67	1	28.00926288	1.538087309	-1.105786872
0	22	11	76	2	7.658260551	-14.49150797	6.58045221
0	26	15	67	2	22.27513821	-14.42106855	13.24025209
0	29	18	77	1	26.65934224	5.347237456	-2.409543813
0	24	13	61	1	11.99211192	9.882150411	13.22510406
0	36	18	63	2	25.27221164	-4.339900375	14.21517589
0	22	11	73	2	5.501237003	-11.80505795	22.6548585
0	30	15	57	2	35.29359531	27.51299091	-17.40132589
0	27	16	53	2	20.96386895	5.997876187	20.08145325
0	22	11	63	2	-58.10056728	-7.417173013	34.2163829
0	22	11	57	1	32.72543222	11.2031978	-0.555358196
0	25	14	78	1	21.11785095	-10.14972549	15.30365167
0	22	11	71	2	-49.49646809	-38.69970904	-8.676936275
0	22	11	83	1	40.82880851	6.462892142	-12.42639003
0	40	20	69	2	31.2999673	-2.077997024	-23.77873188
0	22	11	52	2	-35.84642505	-11.45347849	-8.506173462
0	22	11	71	2	-49.49646809	-55.20230733	-5.732032301
0	22	11	81	1	28.24176231	10.12654017	-9.024197555
0	22	11	73	2	18.64470791	12.28231553	11.62873271
0	22	11	61	1	15.28037581	12.98897328	18.51207697
0	26	13	66	2	-34.38383976	11.66666328	-19.05133315
0	22	11	68	1	26.9031412	-13.80029329	0.878871129
0	30	20	72	2	46.05399714	18.99258132	-25.43381522
0	22	11	72	1	-28.05908458	6.038205862	-14.52381078
0	32	16	62	1	-35.95183553	20.07326684	-3.243974876
0	22	11	47	1	-36.20158292	3.431312614	-20.51314261
0	20	10	52	2	20.59586524	-70.25319358	3.812948259
0	26	15	72	1	56.73435036	18.99258132	-34.87848817
0	22	11	64	2	39.05604199	-3.661204931	-17.09360412
0	22	11	75	1	14.09450636	7.205504775	11.96592063
0	26	13	60	2	16.18463019	-2.42947457	20.8507358
0	24	13	63	1	13.78665296	-9.612659251	-10.7188641
0	22	11	63	2	31.63955601	10.19524985	-1.857278263
0	22	11	63	1	20.14038513	15.97060377	15.30365167
0	30	15	79	2	78.19257251	17.86467525	-73.75545202
0	22	11	61	2	54.12781984	23.16850177	-25.43381522
0	26	13	65	2	9.841522311	2.061922677	16.04173062
0	30	15	66	2	-20.33878362	-4.487724734	-4.240659502
0	38	23	74	2	37.58589774	-12.54873696	-16.44410678
0	26	13	46	1	-36.20158292	-7.51628869	9.547622246
0	22	11	72	1	46.87256797	-2.224920089	-19.43966342
0	26	15	82	1	62.90035996	10.75273289	-34.87848817
0	30	19	76	1	-21.10259036	-19.6760901	6.333857865
0	22	11	72	1	-41.06055643	-1.445501336	13.80921219
0	22	11	78	1	36.44982798	-26.39334385	-9.272356445
0	30	15	67	1	27.43115696	5.347237456	6.228923854
0	22	11	60	2	18.73284416	-43.83316252	3.812948259
0	26	15	62	1	20.12739613	-1.908840167	2.002022975
0	34	17	68	1	-48.08635222	0.464574972	1.431517513
0	30	19	76	1	26.65934224	-5.784773278	6.228923854
0	19	10	62	2	28.68874444	21.4188159	2.940071358
0	25	14	74	2	-44.53264288	0.650463383	36.62536395
0	30	19	86	1	21.14980775	11.95119045	13.15945565
0	33	19	64	2	-44.49994407	10.50759557	-19.01325348
0	22	11	68	2	35.55372074	2.777321855	-6.823308874
0	22	11	67	1	14.02713798	-9.612659251	14.98595817
0	22	11	68	2	-55.48122872	-2.883741603	-4.584752275
0	22	11	62	1	3.374019309	-9.877623825	23.7204931
0	21	11	74	2	-52.05558577	11.72148806	9.067837813
0	24	13	68	2	-34.56476345	25.54689628	-40.2295537
0	22	11	63	1	13.38981998	1.116887944	19.03138618
0	34	18	70	2	24.03689497	-7.250844429	-0.40517278
0	22	11	57	2	48.531504	12.30596638	-29.46789371
0	22	11	53	2	-35.84642505	5.813243012	-18.50693741
0	22	11	64	2	32.12937088	-0.627334711	-9.31400101
0	22	11	54	2	-42.49868705	11.97206593	-26.56884752
0	29	18	60	2	13.32216032	-2.42947457	19.03422717
0	22	11	73	1	33.30905343	17.87463122	9.08715088
0	32	16	62	1	55.00352794	18.01388194	-19.87974978
0	22	11	45	2	-59.74777456	-18.6512608	31.78375937
0	22	11	64	2	-51.79818592	-6.697716324	-10.57155625
0	22	11	60	2	18.73284416	-9.147115164	11.6044996
0	24	13	61	1	13.30166502	-2.42947457	9.247570953
0	22	11	52	2	20.59586524	-2.614375346	-0.806668108
0	22	11	62	2	18.30143065	-5.142745182	-1.082607533
0	22	11	81	1	8.5192316	6.364347079	15.30702104
0	22	11	71	1	29.75401706	4.720585307	1.626617105
0	22	11	64	2	45.93624271	14.27689123	-25.53855271
0	22	11	65	1	23.19034936	30.58906399	-7.363285331
0	22	11	63	2	7.573444278	-13.96299625	24.25268502
0	22	11	67	1	14.02713798	7.205504775	9.314346915
0	22	11	73	1	24.96641702	-20.7265353	0.878871129
0	22	11	82	2	10.67484515	-16.17752344	6.111170073
0	22	11	72	1	20.79231839	-15.6386175	2.93440107
0	22	11	59	1	8.809970914	9.882150411	18.70645431
0	30	15	60	2	24.41311149	-6.934772543	-3.606728481
0	24	13	76	2	24.07236102	21.59754379	13.24025209
0	24	13	72	1	-32.11816749	5.99558876	-7.663867223
0	26	15	40	2	12.74241764	-11.54939635	-13.5208829
0	18	11	69	2	-41.21828467	12.22279525	-35.22626231
0	32	16	61	2	-39.90477819	11.66368551	19.57760986
0	22	11	70	1	21.10549001	-7.594400493	9.394244622
0	30	16	61	2	33.67153967	10.69373018	9.170979397
0	22	11	61	1	-54.28375936	31.79632041	-20.54576851
0	22	11	76	2	7.658260551	0.485327932	18.34484029
0	22	11	85	1	21.15755651	1.273132558	10.97891391
0	22	11	56	1	20.25882856	-2.614375346	-2.658563164
0	26	13	63	2	32.0562172	-6.430419032	-0.555358196
0	34	17	63	2	15.46180589	-63.80981298	-23.6542509
0	22	11	67	2	-52.98501366	-1.457586011	5.841190215
0	22	11	74	1	39.95697431	-39.54104168	-17.09360412
0	26	13	61	1	18.55454098	-2.364033647	2.002022975
0	22	11	63	2	37.47599923	9.441105725	-21.91996242
0	22	11	68	2	-40.08368583	13.11326939	-18.50693741
0	24	13	61	1	12.32460326	-0.484320644	9.984717836
0	26	13	78	1	21.11785095	1.026022397	6.300670261
0	26	15	73	2	-24.71271481	11.02537727	-14.52381078
0	20	10	63	2	22.89549846	-70.25319358	-23.6542509
0	22	11	60	2	12.59651618	0.482929384	5.945118403
0	26	15	62	2	15.66603352	-5.45251714	15.7898641
0	22	11	62	1	72.89375754	9.7627294590000009	-40.31239353
0	29	16	76	1	-21.10259036	10.56673317	1.25048256
0	24	13	70	2	-32.11816749	25.54689628	3.705525275
0	22	11	63	2	5.062863955	4.576645107	28.51652607
0	22	11	62	2	52.30762813	-26.21146647	-38.57149893
0	22	11	71	1	26.36016953	-0.53849683	-6.347922808
0	22	11	71	1	-4.0262946	6.038205862	22.6548585
0	21	11	73	2	-52.05558577	-19.96573218	2.97781339
0	30	15	75	1	24.18824053	7.915508439	9.376389615
0	22	11	68	2	-40.08368583	25.54689628	-9.465049591
0	22	11	62	2	28.68874444	-2.349621088	3.906349121
0	40	19	66	2	46.76049079	10.62172205	-29.46789371
0	21	11	69	2	-52.34926928	5.160458262	-6.852111166
0	22	11	72	1	54.90142288	-4.394812767	-33.97115498
0	22	11	59	1	57.75211208	-68.46799404	-43.77559558
0	32	16	60	1	32.92060218	12.10298823	-7.227501203
0	22	11	60	1	57.75211208	-0.181528162	-39.12732059
0	22	11	72	1	31.89217511	-10.63233236	-5.114532963
0	30	15	76	2	22.23553182	-23.85922721	7.126433218
0	36	18	52	2	41.37884907	18.01388194	2.186112492
0	20	10	64	2	23.77723337	10.17254966	4.121594865
0	22	11	60	2	-46.64999534	1.547754165	-2.306570867
0	22	11	72	1	6.949204867	-7.077824949	21.02792675
0	22	11	70	1	-61.56323739	12.12793225	20.98009813
0	36	18	70	1	19.28281367	-3.361487907	16.28805014
0	22	11	68	1	28.91221984	14.83657706	6.080961744
0	22	11	64	1	-47.96836979	-4.162324317	7.552107142
0	26	15	63	1	13.12506376	2.929460673	31.33969774
0	22	11	70	1	21.10549001	-8.011773478	9.394244622
0	22	11	66	1	36.57691082	-49.7947839	-12.59132926
0	30	15	68	1	-45.24246567	7.893445311	1.25048256
0	38	20	60	1	31.2999673	3.915575298	-17.64089468
0	22	11	61	2	13.45498182	6.133748979	19.03422717
0	22	11	61	1	12.31384073	0.482929384	19.70893901
0	22	11	85	1	69.89207329	9.425360036	-47.80276318
0	22	11	86	2	0.049242592	-5.555750447	6.58045221
0	26	13	65	2	-34.38383976	17.91462322	-13.23672194
0	22	11	69	1	-16.18992435	-84.53439234	24.44064513
0	22	11	71	1	-4.0262946	-84.53439234	15.85239392
0	20	10	67	2	38.26370817	5.540018763	2.339207735
0	24	14	74	1	-44.53264288	30.25200598	3.390686197
0	22	11	73	2	18.64470791	-1.885523701	1.577414209
0	38	19	62	1	27.44622373	-9.432237227	-3.946287845
0	22	11	60	1	38.74085488	19.27236335	-11.85347811
0	22	11	64	1	30.53328402	-13.30341495	-12.86393016
0	22	11	63	2	7.573444278	-3.834292134	27.73881114
0	22	11	89	1	30.04610889	17.30963358	6.41601651
0	25	13	65	2	18.0808228	-10.85892272	5.320689593
0	22	11	78	2	40.53751909	-4.539090859	-24.30480872
0	22	11	39	2	12.74241764	6.133748979	18.61552543
0	24	13	70	2	-31.93598899	18.62336315	-14.52381078
0	22	11	72	2	21.12463586	6.727151173	9.139360924
0	22	11	58	1	9.556916428	-11.80764728	16.38180186
0	22	11	65	1	23.19034936	0.993269649	1.552806622
0	22	11	72	1	19.80624297	-15.6386175	-43.34245876
0	22	11	69	1	6.8840495840000004	6.714616639	13.5785816
0	22	11	87	1	69.89207329	-2.001031899	-47.80276318
0	22	11	58	2	-49.48593438	1.636220726	-17.57661749
0	22	11	63	1	21.72133576	-8.910247837	4.323675332
0	22	11	70	2	-37.44563052	25.54689628	-13.23672194
0	22	11	60	1	-8.340834919	-1.996366518	18.49267659
0	30	15	57	1	18.1953365	-4.561511168	17.87133692
0	22	11	56	1	20.25882856	-1.489833864	9.082087857
0	22	11	60	2	16.69756823	-23.22606923	5.074535796
0	30	15	54	2	37.36403162	31.41073861	-16.64210566
0	22	11	75	1	14.09450636	-4.013165827	3.124791873
0	22	11	68	1	28.91221984	7.335827028	-7.804177988
0	30	15	80	2	2.593535457	7.696440808	16.86754637
0	30	15	79	1	37.879549	-4.86279027	-12.89872229
0	22	11	61	1	30.15625662	11.87056453	-4.476915156
0	21	11	61	1	25.06102183	14.30895298	9.308962772
0	22	11	60	2	21.79583942	-43.83316252	-20.98082187
0	22	11	66	2	52.39549189	-26.21146647	-35.34480485
0	21	11	57	1	-46.84479258	-1.996366518	9.935530518
0	22	11	60	2	23.52920509	8.611034859	26.54017786
0	30	19	76	1	-47.31935599	-18.81194013	7.40270434
0	26	13	69	1	-34.56476345	3.654929767	4.569024548
0	22	11	60	2	-4.795795841	35.644517	17.8827527
0	22	11	59	2	29.77039176	7.54503882	-4.211467286
0	23	12	84	1	16.02833284	-3.32976783	12.9226332
0	22	11	62	2	-38.80019195	-11.45347849	-4.952693308
0	34	23	54	1	21.43725372	2.42425209	4.174322022
0	22	11	56	2	30.13338558	-9.233698107	-13.21987104
0	22	11	75	1	33.3485163	-9.370695533	-9.379026436
0	22	11	59	2	-15.73732813	32.70320635	-9.04532422
0	22	11	66	2	16.93593272	-4.206469921	15.6257091
0	22	11	79	1	-11.50355666	7.345046844	23.04537166
0	22	11	80	1	22.39830295	1.273132558	4.305657218
0	22	11	79	2	78.19257251	-2.001031899	-79.67889275
0	26	15	61	1	-49.65678759	-3.06635545	2.482586588
0	20	10	64	2	23.77723337	16.8661333	11.71456617
0	24	13	68	2	-32.11816749	17.91462322	9.245032224
0	22	11	55	2	-42.49868705	11.97206593	-11.78313398
0	22	11	61	1	18.60855912	10.51001314	14.32780808
0	26	15	77	1	15.79909796	9.310439929	-4.973834169
0	22	11	78	2	76.79976298	0.041172472	-44.3471577
0	22	11	63	2	20.45532307	20.92466663	1.770152514
0	26	15	62	1	13.12506376	-15.68667226	7.318997699
0	21	11	58	1	22.36937984	7.649789856	2.866422237
0	34	17	66	2	25.21558782	-4.339900375	-0.343849231
0	28	14	65	1	18.0808228	-3.570668174	20.8507358
0	22	11	63	1	21.72133576	30.58906399	-4.782342329
0	22	11	65	1	-38.77162133	8.966332217	-12.34917994
0	22	11	76	2	24.53868727	-0.53849683	-13.90139734
0	26	15	63	2	22.64287481	-12.82453228	15.78571516
0	34	18	63	2	25.27221164	-3.876753507	14.21517589
0	22	11	77	1	23.0508009	1.691856478	-8.529722612
0	22	11	85	1	69.89207329	19.87539378	-53.54874844
0	24	12	65	1	-41.19633998	-7.51628869	19.81047292
0	22	11	63	1	24.47836432	-2.15130552	-1.165605028
0	26	15	70	2	-43.2264622	0.650463383	9.527351781
0	22	11	76	2	12.95154299	-0.174628477	11.96592063
0	22	11	66	1	14.02713798	-18.17934765	-16.21427403
0	22	11	74	2	15.54008832	9.310439929	20.81710003
0	22	11	60	2	13.07325219	0.304033646	19.03422717
0	22	11	55	1	21.74673058	7.484678642	-4.804269904
0	22	11	80	1	22.39830295	-43.10713816	-7.324392137
0	22	11	79	1	85.01767398	24.4953261	-73.75545202
0	23	12	70	2	28.76321505	7.335827028	2.668687276
0	23	12	84	1	30.04610889	14.11343792	14.78543958
0	30	15	66	2	31.8264018	2.023150097	-4.991168188
0	22	11	76	2	43.46605481	18.84300863	6.042837355
0	22	11	57	1	15.95991776	8.760686718	20.81710003
0	22	11	63	1	9.734253466	-7.077824949	15.79512927
0	27	16	61	2	30.56991528	3.915575298	14.35836293
0	22	11	70	1	-35.62144477	6.038205862	-12.34917994
0	21	11	76	2	-0.33606755	-8.389029058	21.69384905
0	26	13	61	1	32.0562172	12.10298823	-4.991168188
0	22	11	73	2	69.26481392	-5.039791244	-40.31239353
0	30	15	43	1	-56.64451835	-8.02508199	-4.584752275
0	22	11	63	1	24.71589599	-2.15130552	-3.606728481
0	22	11	68	2	21.69320507	12.78477064	14.9495386
0	22	11	75	1	14.09450636	-6.877291631	12.24892906
0	22	11	61	1	22.77929429	-1.908840167	-3.343635696
0	22	11	75	2	23.36282608	-4.474385705	13.22582919
0	24	12	73	1	24.96641702	-6.434581521	-1.105786872
0	22	11	62	2	19.62313639	10.0510787	10.61182584
0	22	11	53	2	20.59586524	7.649789856	-9.003688035
0	22	11	55	2	18.33490297	7.649789856	-8.248076659
0	22	11	62	2	-13.08468164	35.644517	-13.6481052
0	28	14	65	1	13.7850136	-6.877291631	9.549150578
0	38	20	76	2	31.2999673	10.30590474	-14.43557144
0	22	11	61	1	15.28037581	1.91361154	14.96464471
0	26	15	61	1	-49.65678759	8.576319396	-4.39755102
0	30	15	43	1	-46.45596678	16.34077804	1.25048256
0	26	13	66	2	18.0808228	15.8146428	15.30853409
0	31	20	56	2	35.29359531	10.69373018	-16.90442905
0	21	11	63	2	23.77723337	14.30895298	6.513419697
0	22	11	64	2	20.0364285	6.658045289	11.60945233
0	22	11	69	1	6.8840495840000004	6.897509127	20.81031152
0	22	11	63	2	7.573444278	-12.05484872	27.24915397
0	28	14	65	1	13.7850136	-4.013165827	8.27995048
0	22	11	69	1	-16.18992435	6.038205862	-13.6481052
0	26	15	63	2	18.62161117	7.955126494	-8.058027755
0	22	11	81	1	28.24176231	15.53335569	-18.84713916
0	22	11	60	1	62.7578581	-0.181528162	-33.63830494
0	31	20	60	2	33.67153967	29.61277063	-10.97976818
0	22	11	66	1	39.2385022	8.452044334	-19.88125862
0	22	11	63	2	5.062863955	4.576645107	16.67974457
0	36	18	52	1	17.91451476	-3.879785797	16.22751757
0	22	11	61	1	23.81214647	37.25371707	16.14489873
0	33	17	60	1	32.92060218	1.638814187	-35.4452443
0	22	11	52	2	24.61982284	-29.19294237	-21.26593202
0	30	15	60	2	32.36173609	-7.675441437	-12.85686344
0	22	11	77	1	23.0508009	-24.51112863	-0.546107026
0	22	11	70	1	-35.62144477	-21.09101585	3.536529548
0	22	11	80	1	-59.05323652	-18.58622211	12.3041857
0	22	11	72	1	72.45669247	9.425360036	-40.31239353
0	22	11	61	1	15.28037581	12.98897328	11.70645133
0	36	18	30	1	-40.81138504	16.34077804	-10.46085895
0	26	13	65	2	-59.34918439	-14.75041894	20.46272177
0	22	11	59	2	-4.795795841	38.79862382	7.541558144
0	22	11	83	1	21.55456175	18.93664106	-4.782342329
0	27	16	66	1	22.27513821	0.403435019	-4.804269904
0	22	11	68	1	55.83280053	-2.041196834	-43.77559558
0	24	13	65	1	29.14359099	-22.1990521	-12.72810576
0	28	17	60	2	13.32216032	16.33472447	21.76303694
0	30	18	84	1	21.14980775	11.95119045	13.15945565
0	22	11	68	1	65.75428756	-0.181528162	-43.77559558
0	22	11	61	1	-26.24578342	7.476857938	-0.535811206
0	22	11	75	2	9.618534077	24.65834728	18.70645431
0	22	11	63	2	34.44141664	2.777321855	9.182364269
0	26	13	71	2	13.5239684	0.194916567	16.04173062
0	22	11	64	1	17.70928318	2.417513729	14.08004701
0	26	15	62	1	15.66603352	-7.822745112	11.28855652
0	22	11	65	2	-49.72447973	-10.61930784	-8.506173462
0	22	11	76	1	52.34109616	30.43247918	-31.38788331
0	22	11	60	1	-0.136606209	4.950906347	25.27349838
0	21	11	76	2	-40.84171714	25.54689628	-46.80715211
0	22	11	68	2	28.72149056	5.761507688	-0.185236356
0	22	11	80	2	78.19257251	19.87539378	-73.75545202
0	29	16	70	1	31.41751431	19.87009517	-18.84713916
0	22	11	66	2	52.39549189	34.32019312	-32.70735557
0	22	11	66	2	-29.36146475	32.24566805	-7.663867223
0	23	12	56	1	11.86782848	1.697068312	19.70893901
0	18	11	69	1	-46.61038668	-32.94197015	5.841190215
0	22	11	61	2	15.29513022	3.148577239	14.96464471
0	22	11	65	2	20.71241197	30.58906399	11.71456617
0	26	13	63	2	32.0562172	-3.970496026	-0.555358196
0	22	11	63	1	13.38981998	-3.733664709	31.33969774
0	22	11	69	1	-52.81005074	2.605971328	8.277376604
0	26	13	73	2	-32.11816749	-6.629445124	-18.14105819
0	22	11	66	2	27.22094204	6.270635112	5.452315572
0	23	12	75	2	46.33320171	14.27689123	-31.38788331
0	22	11	66	2	28.09778965	30.40389639	1.823818963
0	36	18	87	2	53.40675857	18.15460012	-18.18082966
0	22	11	69	2	-56.70136923	4.411942085	11.52061028
0	22	11	61	2	-1.891166006	8.026391861	15.60582158
0	22	11	76	2	82.08558674	19.87539378	-47.69026538
0	22	11	79	1	22.39830295	1.273132558	4.305657218
0	28	14	65	2	38.09614447	41.92139011	-17.40132589
0	22	11	81	1	31.31242762	-9.370695533	-9.379026436
0	16	11	69	2	-45.32275438	4.610370581	-11.47650823
0	22	11	76	2	28.99983673	14.11343792	-0.760025772
0	30	15	54	1	21.43725372	-0.418392565	4.323675332
0	22	11	60	1	36.2960144	-49.7947839	-5.90289683
0	22	11	72	1	-41.06055643	6.900468118	-14.93365434
0	22	11	65	2	14.12248301	-88.60563463	7.843729353
0	22	11	68	2	41.36974541	6.01669038	-0.309170415
0	22	11	68	2	-40.08368583	7.910206594	4.569024548
0	22	11	60	1	30.16128345	11.87056453	-16.57948465
0	22	11	64	2	-51.79818592	1.636220726	7.64854657
0	22	11	82	1	20.14710741	-12.35574756	9.394244622
0	22	11	62	2	35.07248484	-7.761208511	-12.89872229
0	22	11	63	2	37.47599923	31.41073861	-7.395052508
0	22	11	76	1	16.17781514	-7.125483734	13.18427453
0	22	11	80	2	18.3257411	5.727011417	2.049004519
0	27	16	82	1	35.6623816	-9.36476775	-5.90289683
0	26	15	69	2	-39.33682955	11.66666328	8.360481533
0	22	11	64	1	52.4858208	9.094219005	-32.70735557
0	22	11	80	1	17.84267766	20.07962198	-4.973834169
0	22	11	64	2	-44.79342543	9.941823078	-6.231658201
0	22	11	73	2	27.80441185	17.87463122	-3.975877926
0	22	11	74	2	19.29958629	-12.44387042	-0.514058296
0	25	14	67	2	18.0808228	-13.21800621	-1.082607533
0	22	11	60	2	14.11734298	3.113580057	5.945118403
0	24	12	72	2	21.12463586	-3.882769275	14.9495386
0	26	13	74	2	-61.66754072	0.688012519	26.15685838
0	22	11	63	2	65.94354131	1.358556131	-26.22131413
0	22	11	70	1	-61.56323739	12.9031366	20.98009813
0	22	11	67	2	26.12593409	-6.434581521	1.626617105
0	22	11	68	1	15.50782461	8.118118162	5.92801534
0	30	19	86	2	12.86350929	-15.8147932	12.24892906
0	22	11	62	1	66.50911742	-2.296467119	-19.43966342
0	22	11	77	2	-53.67689396	-1.457586011	2.97781339
0	29	18	70	1	31.41751431	10.19524985	-17.64089468
0	22	11	70	1	21.10549001	-7.594400493	-3.123735977
0	24	12	65	2	35.90238003	3.108377731	2.339207735
0	30	15	70	1	-55.30064546	11.95703592	0.213501516
0	25	14	76	2	-42.72606764	-2.961235428	-19.17310164
0	22	11	62	2	35.07248484	-6.430419032	-10.01184837
0	22	11	68	2	-55.48122872	-18.6512608	34.2163829
0	24	13	79	1	22.39830295	0.833410544	7.470568798
0	22	11	54	1	34.89815998	11.15429861	-0.555358196
0	27	16	50	2	31.45387424	-5.992274939	9.182364269
0	22	11	73	2	18.64470791	10.36255485	11.62873271
0	22	11	61	2	23.50615463	-6.110387969	-9.003688035
0	22	11	60	1	62.7578581	-68.46799404	-49.35024274
0	26	13	74	1	24.07236102	3.839515029	0.029124139
0	21	11	58	1	23.04331734	-7.015104841	4.485018921
0	22	11	55	2	30.13338558	8.051086378	-15.23802349
0	33	19	64	2	25.22628189	-1.191727851	3.909756791
0	22	11	72	1	-39.20374397	6.900468118	-20.51314261
0	36	18	70	2	3.453024191	-1.168116308	20.81031152
0	22	11	65	1	6.44408587	5.491162955	28.51652607
0	22	11	55	1	25.74682484	-9.49297536	-2.383673493
0	22	11	73	1	44.73882993	-2.359486458	-19.43966342
0	21	11	62	1	3.374019309	-5.484333486	7.541558144
0	26	13	64	2	-49.59826829	-13.18570541	3.103418381
0	22	11	63	1	24.71589599	-2.15130552	-11.32601925
0	32	16	61	2	-50.72418146	-10.61930784	16.20322209
0	24	12	72	1	-28.05908458	5.99558876	-0.535811206
0	36	18	63	2	18.68007619	-12.82453228	3.122901118
0	28	14	65	2	18.0808228	-12.82453228	13.18427453
0	26	13	72	1	-32.11816749	10.24525518	9.245032224
0	34	17	61	2	15.8321343	0.757456206	8.530969741
0	22	11	74	2	9.618534077	5.16869547	7.861103507
0	22	11	60	1	-8.340834919	7.476857938	-21.73401568
0	32	17	63	2	52.4904709	18.36553621	-29.46789371
0	22	11	63	2	-48.27045435	9.833454958	-9.70845842
0	22	11	65	1	12.60006174	-15.68667226	7.843729353
0	23	12	56	1	-46.84479258	26.28897592	-8.86668499
0	22	11	86	2	12.86350929	-5.797068796	8.397879723
0	22	11	62	1	9.64410318	-13.00887174	9.603578973
0	22	11	75	2	15.54008832	-12.52362667	11.28855652
0	27	16	50	2	-49.65678759	1.636220726	-17.15557951
0	22	11	60	1	36.2960144	-49.7947839	-19.64974354
0	28	17	63	2	9.513601991	3.048066722	-8.353325304
0	22	11	70	1	-3.437261957	-1.675599961	21.31298213
0	22	11	63	1	14.523049930000001	1.116887944	19.6573517
0	22	11	72	1	-41.06055643	6.900468118	-6.231658201
0	22	11	62	2	52.30762813	6.925208781	-28.60166985
0	18	11	72	2	26.27363336	6.141635897	11.17168977
0	22	11	68	1	28.91221984	-15.19384727	-0.013845058
0	23	12	71	1	29.75401706	-22.1990521	-12.37597338
0	22	11	68	1	28.91221984	-2.066764572	-1.105786872
0	24	13	63	2	18.37051821	-6.950608939	3.001963092
0	22	11	73	1	18.37831182	12.28231553	18.67011268
0	21	11	63	2	22.89549846	-8.910247837	11.71456617
0	34	17	61	1	-53.2509749	13.89324623	13.22920198
0	30	16	78	1	-41.36569765	20.41756532	6.097115914
0	29	18	60	2	-45.8572678	10.50759557	-10.46085895
0	22	11	63	1	-54.46189896	-3.06635545	-10.57155625
0	30	15	60	2	13.32216032	16.33472447	18.51207697
0	22	11	63	2	5.062863955	4.576645107	16.67974457
0	22	11	60	2	-4.61848814	8.026391861	19.47806862
0	29	18	77	1	19.55906443	-24.51112863	-43.34245876
0	22	11	70	2	-37.44563052	11.66666328	-20.51314261
0	22	11	72	1	14.28939552	-9.612659251	10.61160693
0	22	11	65	1	33.85528277	-0.253617861	-13.13056237
0	20	10	63	1	24.70853854	-1.368995017	-3.606728481
0	25	14	78	1	16.94539906	-4.206469921	12.9226332
0	22	11	73	1	44.73882993	-2.359486458	-38.57149893
0	22	11	70	1	-35.62144477	-84.53439234	11.34789459
0	22	11	53	2	-35.84642505	-11.45347849	-5.708145727
0	22	11	82	2	0.049242592	-1.168116308	13.27507592
0	22	11	67	1	25.43946318	12.14328083	-9.024197555
0	27	16	76	2	47.12975167	18.15460012	-31.38788331
0	22	11	80	1	18.0348925	-0.543221771	14.98435882
0	22	11	76	2	-49.10963241	21.74680559	-9.731994801
0	26	15	73	1	-38.88421212	-1.250943929	-20.75442036
0	22	11	62	1	29.17724901	-12.02578303	-9.107057464
0	22	11	81	2	-18.59858345	9.615897034	-4.233754596
0	23	12	70	1	-61.56323739	12.9031366	16.23442307
0	22	11	40	1	12.74241764	-3.050823682	16.29401873
0	22	11	69	2	-52.34926928	5.160458262	-6.852111166
0	21	11	69	2	-45.32275438	9.941823078	-17.26622668
0	22	11	65	2	14.12248301	4.043867985	14.5326714
0	32	16	83	2	53.40675857	18.99258132	-31.38788331
0	23	12	64	1	52.4858208	11.70786742	-25.53855271
0	22	11	58	1	-8.340834919	7.476857938	17.66063914
0	22	11	62	1	28.30559063	6.083999244	-4.815248041
0	24	13	71	2	14.77934379	-7.225615866	13.29792075
0	22	11	67	2	-46.54952245	2.016388076	-29.49165454
0	22	11	76	2	28.99983673	9.036338733	-15.23802349
0	22	11	60	2	21.36368766	-43.83316252	1.175291254
0	22	11	58	2	-51.79546626	1.636220726	-2.306570867
0	22	11	64	2	-44.79342543	9.941823078	-7.548167731
0	22	11	67	2	26.12593409	1.916828097	1.626617105
0	25	14	75	2	21.11785095	-1.885523701	12.11863354
0	28	14	67	2	-34.38383976	27.0115226	14.94092582
0	22	11	68	2	11.97249387	-0.853840238	11.96592063
0	22	11	70	2	-49.49646809	-7.290416912	13.80921219
0	34	23	74	1	13.75973411	-12.54873696	12.24892906
0	22	11	54	1	15.95991776	12.98897328	-4.973834169
0	42	20	60	1	46.76049079	18.15460012	-23.63857758
0	22	11	63	1	24.71589599	-18.28181326	-1.165605028
0	22	11	62	2	12.25625478	-5.499398595	11.80290683
0	22	11	69	1	15.47086799	-63.80981298	5.123835971
0	26	13	73	1	13.5239684	-18.17934765	12.24892906
0	22	11	60	2	23.52920509	31.58182224	3.471398943
0	22	11	49	1	-35.45720331	13.5711665	-28.807114
0	22	11	62	1	66.50911742	-68.46799404	-19.43966342
0	26	13	69	2	-55.89761549	-9.392684442	19.10215895
0	21	11	65	2	22.89549846	30.58906399	14.20963784
0	21	11	62	2	19.62313639	10.0510787	24.95682221
0	30	15	72	1	-33.26770225	5.99558876	12.86203433
0	32	16	83	2	80.08817203	17.86023317	-73.75545202
0	40	19	61	1	23.73079315	8.611034859	-7.363285331
0	22	11	79	2	78.19257251	19.87539378	-79.67889275
0	21	11	57	1	-35.45720331	3.431312614	-14.41838381
0	22	11	76	2	7.658260551	-9.461734981	19.83354281
0	24	13	64	1	22.1856313	30.58906399	-2.371106583
0	26	15	69	1	-39.33682955	-3.645395225	-13.916576
0	28	14	62	1	15.46180589	-26.40344626	-20.98082187
0	22	11	72	2	15.03813316	16.37398609	6.639569843
0	22	11	73	2	20.50443845	-12.44387042	9.139360924
0	22	11	71	1	29.75401706	-15.47226421	1.606029026
0	22	11	44	2	-49.84132771	1.081130979	-9.70845842
0	22	11	63	1	27.93042419	-3.322904465	-1.367663086
0	23	12	84	1	10.79548775	-0.029185906	16.04173062
0	28	14	76	1	26.65934224	-1.191727851	6.228923854
0	22	11	63	1	-13.82901785	-7.059287896	-9.04532422
0	22	11	68	2	-16.62661858	10.36174035	15.95817667
0	18	9	61	2	-43.75665059	29.93177912	-8.86668499
0	23	12	78	1	27.43639546	-20.80654613	-21.26593202
0	22	11	65	1	14.50354944	-3.733664709	9.153112163
0	29	18	70	2	-41.36653097	3.590664213	6.60823691
0	24	12	62	1	-41.18473582	-7.51628869	-1.302750453
0	26	15	63	2	18.62161117	0.403435019	26.50331056
0	22	11	80	2	26.15937099	-26.03920192	-21.26593202
0	22	11	72	1	-39.20374397	-32.94197015	-18.14105819
0	20	10	67	2	-46.54952245	-2.815560563	-4.240659502
0	22	11	72	2	15.29704168	-90.50237389	-7.324392137
0	36	18	79	2	56.49477612	39.35636346	-18.89704657
0	26	13	63	2	-48.05042494	9.833454958	-17.57661749
0	36	18	80	2	80.08817203	10.75273289	-47.69026538
0	22	11	65	2	35.90238003	1.474695825	-6.584992281
0	26	13	65	2	18.0808228	8.686131654	26.16960142
0	22	11	55	1	32.72543222	-9.49297536	-5.114532963
0	22	11	74	2	67.04090929	4.900767952	-40.31239353
0	22	11	76	1	52.34109616	11.70786742	-22.40677079
0	22	11	79	2	11.81020789	-5.797068796	12.24892906
0	22	11	68	1	28.91221984	5.761507688	-7.804177988
0	26	13	69	2	44.96577057	-17.8260555	-33.06042292
0	34	18	63	2	35.27962101	-10.63233236	-5.90289683
0	22	11	58	1	22.36937984	7.484678642	-8.529722612
0	30	15	66	2	-54.32144519	-1.457586011	-4.240659502
0	38	19	69	2	18.41547677	-15.36835562	3.122901118
0	21	11	73	2	26.27363336	7.228642487	5.452315572
0	22	11	70	1	0.990672623	-8.389029058	21.31298213
0	22	11	85	1	10.79548775	-14.49150797	26.2821888
0	31	20	61	2	-45.8572678	6.330452065	6.60823691
0	23	12	56	1	21.74673058	2.938239981	4.174322022
0	30	19	70	2	24.03689497	-4.474385705	-5.099327846
0	22	11	72	2	15.29704168	-13.80129937	5.320689593
0	22	11	44	1	-59.74777456	-8.02508199	14.7475384
0	30	15	65	2	23.06408585	7.955126494	-12.65796774
0	22	11	60	2	13.07325219	27.73143362	18.61552543
0	22	11	75	1	14.6469581	-6.877291631	13.7853542
0	22	11	58	2	-51.79546626	-1.185142032	1.335603917
0	22	11	61	1	23.81214647	-5.410184151	17.6967653
0	22	11	68	2	22.99222122	-2.507175153	13.22582919
0	31	16	67	1	-20.33878362	7.893445311	13.22920198
0	23	12	71	1	26.36016953	-38.5983532	-12.37597338
0	22	11	68	1	26.9031412	12.14328083	-5.693860553
0	30	15	57	2	27.38744429	-3.281818501	-2.278286341
0	22	11	68	1	55.83280053	-68.46799404	-19.43966342
0	22	11	60	1	38.74085488	5.540018763	-10.1520265
0	24	13	65	2	29.14359099	-22.1990521	0.961215749
0	22	11	67	2	11.76703994	-12.05484872	11.80290683
0	22	11	55	2	19.91507982	7.649789856	24.95682221
0	22	11	79	2	11.81020789	3.391679103	13.62067376
0	22	11	63	1	27.93042419	6.083999244	-9.911822082
0	26	15	77	1	-42.72606764	-1.250943929	-8.676936275
0	32	16	73	1	22.92118935	-1.3930876699999999	7.470568798
0	22	11	69	2	-45.32275438	6.330452065	-6.852111166
0	22	11	72	2	21.12463586	6.727151173	13.22582919
0	30	15	60	2	33.67153967	-1.32350704	14.35836293
0	22	11	81	2	20.43184222	28.46738611	13.22582919
0	22	11	73	1	4.51886411	-11.80807633	27.21801834
0	42	19	63	1	35.27845158	-7.761208511	-9.272356445
0	36	18	70	1	-45.24246567	30.25200598	-19.01325348
0	21	11	62	1	22.41450295	0.963154318	-3.343635696
0	22	11	75	2	17.59660824	-1.3930876699999999	16.22751757
0	22	11	66	2	16.93593272	-4.206469921	20.8507358
0	22	11	79	2	21.48564485	0.833410544	13.42150922
0	22	11	73	2	5.501237003	7.979458149	30.69174032
0	22	11	68	1	65.75428756	-0.181528162	-19.43966342
0	22	11	60	1	-0.136606209	-3.810410649	19.47806862
0	22	11	65	2	-39.4818026	7.910206594	2.382308412
0	22	11	60	2	34.90421427	27.51299091	2.186112492
0	27	16	50	2	31.45387424	-29.19294237	-14.68060462
0	30	15	76	1	19.55906443	-10.80222947	9.394244622
0	23	12	78	2	-53.67689396	9.776612318	-4.763485988
0	22	11	64	2	14.91713465	-7.225615866	11.06671508
0	22	11	73	2	27.80441185	6.656495373	11.17168977
0	28	18	68	1	-56.69721674	-18.6512608	26.15002552
0	22	11	73	1	44.73882993	10.15010065	-12.33941996
0	22	11	71	1	26.97030506	-38.5983532	-21.26593202
0	24	12	70	1	51.65123652	8.020551308	-27.45119661
0	29	18	69	2	-56.69721674	11.95703592	16.46531542
0	23	12	70	1	80.46333758	-2.001031899	-56.19396291
0	28	14	65	2	-46.91806773	29.23951195	3.390686197
0	28	16	53	2	37.36403162	19.27236335	-20.90367373
0	22	11	62	2	28.31450344	-3.322904465	-4.211467286
0	18	11	75	2	22.90879425	-1.533827331	14.141493
0	22	11	68	1	21.45135432	6.79527281	9.977807203
0	30	15	64	1	-44.49994407	11.10838823	12.86203433
0	29	18	61	1	15.10505868	16.33472447	19.03422717
0	22	11	72	1	31.89217511	-10.63233236	-14.68060462
0	22	11	57	2	21.67016192	7.649789856	-0.806668108
0	22	11	63	1	-23.50593896	8.966332217	-7.663867223
0	28	18	67	2	24.4062954	-5.784773278	-1.403132955
0	29	18	70	2	-47.75661336	5.655468828	-10.46085895
0	38	19	76	2	27.44622373	10.30590474	-3.679841663
0	22	11	72	2	15.03813316	-63.80981298	13.7853542
0	30	15	55	2	37.36403162	31.41073861	6.042837355
0	22	11	40	2	-38.85221778	25.87065343	14.94092582
0	22	11	74	2	15.91675261	-7.822745112	17.87133692
0	38	19	63	1	40.57242698	10.62172205	-23.06187547
0	22	11	79	2	9.944453979	-14.49150797	21.34181997
0	26	15	73	2	-48.97054236	12.55110391	0.515357441
0	21	11	68	2	-16.62661858	11.02537727	-21.73401568
0	22	11	58	2	13.45086221	1.584709823	32.92155494
0	22	11	75	1	54.7256547	30.43247918	-21.0019905
0	22	11	76	1	36.86249062	41.92139011	-17.40132589
0	22	11	61	1	12.31384073	-3.050823682	9.841756546
0	22	11	61	1	-26.24578342	21.56339158	0.206171197
0	22	11	64	1	14.08071807	-18.17934765	9.977078962
0	22	11	74	2	67.04090929	-5.039791244	-47.15800135
0	27	14	80	2	18.3257411	11.32777462	-8.058027755
0	22	11	63	2	-48.29645684	1.105989366	-26.82368869
0	22	11	61	1	15.03521167	25.26608517	32.92155494
0	31	16	59	2	29.35964183	12.10298823	-16.57948465
0	30	18	65	2	-50.55343274	0.582182581	10.69110107
0	27	16	80	1	68.93523447	7.647299993	-47.80276318
0	22	11	44	2	-59.74777456	-6.7939259	14.7475384
0	22	11	74	2	46.33320171	14.27689123	-22.40677079
0	22	11	65	1	82.61447887	9.425360036	-48.14271557
0	22	11	61	1	-1.46180553	-5.619832325	17.8827527
0	21	11	57	2	19.91507982	12.78571685	16.54188799
0	22	11	64	2	-51.79818592	0.582182581	-7.998507557
0	22	11	73	2	12.36369067	7.979458149	9.153112163
0	26	13	78	1	24.07236102	-7.250844429	9.376389615
0	22	11	69	1	-42.14521481	-7.135424085	-34.7637852
0	32	16	78	1	33.62676151	-9.36476775	-12.85686344
0	22	11	66	1	14.02713798	8.190505869	1.020928984
0	22	11	61	1	10.88986831	1.697068312	9.984717836
0	22	11	63	1	24.70853854	-3.490825605	-3.606728481
0	22	11	76	1	36.86249062	9.441105725	-19.88125862
0	24	13	64	2	-49.59826829	-1.185142032	10.69110107
0	22	11	70	1	21.10549001	-3.882769275	18.67011268
0	30	15	60	2	29.35964183	-7.675441437	-4.211467286
0	22	11	75	2	9.618534077	-11.80505795	26.2821888
0	22	11	63	1	24.71589599	7.719856117	-10.99595591
0	28	17	62	2	15.46180589	-90.50237389	-20.98082187
0	22	11	70	2	-41.2021531	18.62336315	-28.807114
0	22	11	72	1	72.45669247	24.4953261	-47.15800135
0	22	11	77	2	27.89431252	10.12654017	-13.2857528
0	22	11	68	2	11.97249387	2.061922677	3.124791873
0	23	12	58	1	23.04331734	4.527691717	2.866422237
0	22	11	58	1	23.04331734	29.36180055	-2.371106583
0	26	15	73	1	19.2709806	-1.533827331	10.97891391
0	21	11	64	2	2.654549912	-5.555750447	7.541558144
0	34	17	62	2	35.27962101	3.108377731	-12.42639003
0	22	11	69	1	6.8840495840000004	6.714616639	20.81031152
0	21	11	73	2	-52.05558577	-10.61930784	-19.00209099
0	29	16	64	1	-44.49994407	13.53163394	-3.243974876
0	22	11	55	2	-42.49868705	3.590664213	-35.22626231
0	23	12	56	1	21.74673058	-3.879785797	4.956327948
0	22	11	61	1	-1.46180553	9.882150411	31.84614398
0	22	11	67	2	-46.54952245	2.016388076	8.277376604
0	22	11	80	2	56.5726209	4.532388281	-33.69498739
0	22	11	81	1	28.24176231	6.35544326	2.668687276
0	20	12	74	1	16.43447319	1.99132005	2.608534113
0	22	11	63	1	13.38981998	-9.612659251	7.318997699
0	22	11	62	2	25.98678476	-0.701913305	-2.278286341
0	21	11	63	2	2.654549912	-9.877623825	7.541558144
0	36	18	30	1	-38.85221778	16.34077804	-8.907567185
0	22	11	63	1	-13.82901785	1.326081335	15.35398089
0	34	17	66	2	-34.39013183	25.54689628	13.22920198
0	22	11	55	2	18.33490297	4.527691717	3.899250285
0	24	13	64	2	25.22628189	-3.886321976	4.730454738
0	22	11	82	1	35.15485918	6.656495373	-10.1520265
0	22	11	58	2	-51.79546626	-6.697716324	-7.826803011
0	24	13	63	2	13.30166502	4.043867985	17.07262635
0	22	11	77	1	36.7121434	-6.953432956	-9.272356445
0	22	11	66	1	55.73991666	-2.041196834	-26.96421995
0	30	20	85	1	62.90035996	1.275297691	-25.29263012
0	22	11	63	2	-48.29645684	6.734250719	-17.15557951
0	16	8	63	1	20.14038513	-70.25319358	-7.324392137
0	22	11	68	2	-55.48122872	11.95703592	-4.584752275
0	22	11	75	2	46.33320171	-32.8231495	-31.34288478
0	22	11	54	1	11.86782848	-3.607835282	9.984717836
0	29	18	67	2	22.74107859	6.79527281	4.950667531
0	22	11	76	1	52.34109616	30.43247918	-22.40677079
0	20	11	72	1	-52.05558577	-0.178593451	1.431517513
0	22	11	73	2	20.50443845	-2.040506849	16.01763449
0	28	14	61	1	18.20829347	0.963154318	20.99059687
0	22	11	39	1	-37.18824917	3.431312614	-20.51314261
0	30	15	65	2	-54.32144519	0.903747108	1.25048256
1	23	12	60	2	27.106938	-6.89690143	7.358640403
1	22	11	75	2	16.40970702	3.011908928	19.23695312
1	22	11	83	2	-20.3639447	-1.88107336	-1.245456124
1	22	11	71	1	-49.53263346	6.891859527	4.125638729
1	26	15	67	1	-20.7903306	0.030341263	-3.429846104
1	22	11	67	2	-48.37870457	11.08333244	-20.438577
1	20	10	68	2	-24.25686117	-52.04819127	12.04213455
1	38	20	62	1	16.66565795	7.400798821	12.18957298
1	30	15	57	1	15.04277208	-31.22633465	9.061782276
1	22	11	79	2	28.33611946	-3.349687329	7.358640403
1	26	15	53	2	13.99271988	2.592515733	17.08433529
1	30	15	79	2	-44.03905473	10.35434209	-18.75769279
1	22	11	54	2	19.95950607	-31.49270291	-0.924928897
1	22	11	73	2	-46.18844746	5.983602737	-2.111981055
1	24	13	79	2	46.04980784	30.53450802	4.943122588
1	22	11	61	1	25.55695041	-0.299859974	9.703478813
1	32	16	79	2	22.61572591	-19.99003804	12.75179949
1	21	11	72	1	35.94977346	6.156505338	6.725627758
1	28	15	81	1	-16.95354381	5.313475249	6.44411138
1	30	15	55	1	21.58612406	3.973574619	13.93513654
1	22	11	67	2	-40.68109622	-3.694373205	6.448674411
1	36	18	83	1	35.21505575	13.47336668	-6.371037043
1	22	11	55	2	16.97393967	-3.268028447	15.04273152
1	26	15	80	1	-38.2507977	1.162779015	-64.00742848
1	22	11	75	2	-26.98280247	-1.118195951	10.62974594
1	22	11	69	2	35.34064823	-0.799582029	-1.101141942
1	22	11	59	2	31.05307413	1.894775202	-2.365027186
1	22	11	85	2	30.04963636	-28.76158856	-2.635178667
1	32	16	60	2	17.15966697	14.30294542	18.56670703
1	18	11	67	2	-57.60499659	9.657084097	-11.38023725
1	34	23	61	2	11.76907677	-11.56794957	17.2533641
1	32	16	70	1	-47.53968732	-3.845185387	-16.45014476
1	40	21	79	1	-49.82221158	14.9276311	-15.85991887
1	22	11	80	2	44.69196646	-12.50297581	19.03881424
1	22	11	82	2	-17.9719141	7.478152131	-2.581226763
1	29	18	73	2	22.92334323	-42.67898862	1.050829671
1	22	11	66	2	16.6414227	22.07936211	20.15026124
1	22	11	75	2	-46.59787418	-1.2233795	4.755494575
1	22	11	73	2	-50.601742	9.124812262	-27.0334268
1	34	17	55	1	31.85996241	-10.71993352	0.417828225
1	20	10	70	1	-50.11290055	3.951073239	18.12652354
1	22	11	65	2	19.53547944	-2.549260646	8.220544551
1	24	12	78	2	-57.95645902	-14.1758106	24.3947916
1	22	11	81	1	15.11021695	-0.684013815	19.04378234
1	25	14	65	1	-43.70640971	3.296421201	46.93326984
1	22	11	87	2	-22.17672565	7.779596108	5.263170922
1	22	11	50	1	16.5486363	-13.23452753	8.588549069
1	22	11	49	2	19.36381759	-31.49270291	13.70856327
1	20	11	61	1	35.92875186	-7.815173278	6.725627758
1	22	11	61	2	22.19953053	22.80503873	6.278363652
1	18	11	78	1	6.04291783	10.74321157	-17.83131708
1	22	11	83	1	26.15583652	13.03968912	3.757777409
1	26	13	53	2	35.27526889	19.50956555	10.403749790000001
1	30	15	59	1	13.11247603	-8.837644639	12.64460564
1	22	11	66	2	-14.58777284	-4.911930976	-10.51447943
1	36	18	56	1	29.45956591	36.57370611	6.754089178
1	22	11	64	2	-14.32461874	17.78488495	11.28968001
1	22	11	79	2	-10.2583622	-1.88107336	-3.307752444
1	23	12	85	1	-52.33345401	0.764279005	1.613359235
1	22	11	85	1	-52.79366788	-0.122821294	-14.81760382
1	22	11	66	1	35.193054	16.68086744	-7.086153484
1	24	13	70	1	-18.72973887	17.19102616	11.24794108
1	28	17	60	2	14.57408473	-6.575042377	12.15398142
1	33	20	54	1	32.71215264	-17.92855493	-4.650476954
1	22	11	49	2	14.45624925	-3.443797694	8.876578067
1	32	16	63	2	11.8128951	-26.72620744	9.061782276
1	22	11	51	2	13.78460634	-26.89291212	-0.235491058
1	22	11	65	2	-15.70237332	0.500603852	-5.481780939
1	22	11	56	2	17.69485549	-16.27256574	6.04658456
1	20	11	54	1	13.2619686	-3.89090933	17.73189909
1	38	19	55	2	28.68796021	-11.24890478	2.855461396
1	21	11	56	2	34.81293343	-28.87386791	-8.616344249
1	22	11	79	1	30.73201453	-24.09880659	3.659690729
1	22	11	58	1	19.15596273	27.05037398	23.42341363
1	24	13	75	2	14.105363820000001	4.601049819	7.960491285
1	22	11	73	2	43.28754364	22.68056107	2.689822741
1	34	17	58	2	17.73501856	-9.171545049	16.64614215
1	32	16	64	1	44.73541405	-12.66864874	4.64875977
1	27	16	60	2	-19.60081075	1.185026446	-3.531752486
1	22	11	60	1	12.80453458	22.76261024	17.08433529
1	38	20	61	1	-51.07195046	-2.425636474	-27.26427558
1	22	11	60	2	25.56428397	-12.24039032	7.257034028
1	21	11	59	1	19.18324883	-3.282662764	11.9852783
1	40	20	81	1	22.15915384	-2.199269603	-8.498440864
1	22	11	54	2	16.12997034	-2.226566757	22.31970351
1	22	11	68	2	-25.99685756	2.869202592	-17.35628841
1	22	11	63	2	6.703742311	-26.72620744	13.27887719
1	27	16	60	2	28.98299381	25.23711665	13.5761774
1	30	15	74	1	14.39047231	-9.380309189	19.20460014
1	30	15	73	2	20.84842319	-6.458045463	14.89515179
1	26	15	74	1	-20.50737544	8.368857244	7.146253363
1	22	11	76	2	20.94496006	4.060126147	14.30425989
1	20	10	54	2	-18.66016565	22.54834912	18.48558437
1	29	18	69	2	35.57018852	29.70886823	-5.94725016
1	22	11	81	2	-26.67820545	-13.70665951	15.65044006
1	22	11	50	1	12.13746923	-2.6083671	31.62706433
1	24	13	74	2	-20.50737544	0.679790782	13.41738948
1	26	15	74	2	34.16401995	-8.444266985	-5.903167252
1	32	16	58	1	20.0046183	7.400798821	27.0880431
1	26	15	80	1	-47.44816292	18.73266654	-13.59504807
1	21	11	56	1	28.41131256	20.54524124	5.65819112
1	21	11	68	2	-15.32508638	-17.92511525	2.4089817080000002
1	22	11	73	2	28.00513854	19.80468158	4.786634341
1	40	21	58	1	37.11768022	1.441103385	-4.623408376
1	21	11	57	1	-16.42419516	15.94468551	1.524286173
1	31	20	81	1	-53.94957302	-9.52209002	-19.57685229
1	34	23	78	1	-38.12445472	-1.928907871	-15.37781975
1	26	15	57	2	76.2622348	5.005353072	-32.92022975
1	22	11	68	2	59.77118682	8.830938742	-31.4238023
1	36	18	66	1	18.65906934	19.44047104	22.18652606
1	22	11	68	1	16.29872121	2.049872505	18.38824813
1	22	11	70	2	17.7221924	-24.84747117	6.595255312
1	33	17	74	2	23.52018945	-5.094570558	12.84758105
1	27	16	63	2	26.34843646	31.74137121	13.49725756
1	32	16	64	1	-26.49509364	8.055293243	-18.3228365
1	23	12	60	1	-20.90899847	0.435864595	13.46009609
1	34	23	50	2	-13.82513129	8.221270297	-1.951835893
1	22	11	65	1	-42.21472372	11.08333244	-13.09548328
1	22	11	65	2	26.91294903	26.67616904	18.25575859
1	26	15	67	2	18.92652174	5.074539398	8.745655973
1	40	20	79	1	-51.99849952	-12.98932035	-16.45014476
1	22	11	62	1	65.77983255	12.46171243	-88.34306987
1	22	11	65	2	19.53547944	-2.549260646	17.00411483
1	30	15	57	1	15.17532001	19.44047104	18.56670703
1	22	11	73	1	26.04583025	-13.86693589	-8.409896897
1	23	12	68	1	-54.19735243	16.62775579	-23.68333662
1	22	11	67	2	-50.13881756	13.23326032	-4.530091957
1	22	11	79	1	-52.39344104	-2.870935885	-18.93742947
1	34	23	71	1	1.810674139	26.65829752	-8.626539069
1	22	11	82	2	35.25223365	-7.815173278	6.725627758
1	22	11	55	2	23.14964881	1.537780926	14.91347307
1	26	15	61	2	-57.18572189	31.56632721	-25.96486587
1	24	13	76	2	17.58212217	0.524369324	17.80928848
1	22	11	74	2	43.85883627	-12.66864874	-5.102195814
1	22	11	71	1	14.54061252	3.199764316	7.960491285
1	26	13	82	1	22.05978982	-2.199269603	-8.498440864
1	22	11	89	1	31.47340635	11.29214665	0.725061101
1	36	18	54	1	37.33317677	-1.535279771	-4.623408376
1	22	11	59	2	15.63382115	0.149883028	12.18957298
1	22	11	66	1	17.17510852	20.03324285	20.15026124
1	34	17	58	1	20.0046183	19.44047104	19.51234727
1	22	11	61	2	-45.73463538	-16.23349786	0.366843317
1	22	11	47	1	21.09506522	9.288350918	25.7786893
1	22	11	66	2	12.87165545	-108.8012767	2.507280081
1	22	11	71	1	14.54061252	-3.288089331	19.20460014
1	28	15	67	2	-50.24121152	2.855484005	31.11598541
1	22	11	79	2	24.28267025	-9.336167719	9.736595071
1	22	11	75	1	24.93419404	9.661156877	4.786861938
1	27	15	54	2	-67.81992695	-3.108938938	53.49732032
1	27	16	71	1	-54.23734644	-6.166821595	1.613359235
1	28	17	82	1	23.71029219	-8.132363956	13.62324626
1	20	10	53	2	36.19539924	-32.44294774	0.457439867
1	15	9	62	1	35.92875186	-29.15897216	-8.616344249
1	22	11	77	2	-15.90845069	-5.554509135	13.41738948
1	22	11	67	2	2.691944531	-89.08671992	0.999049662
1	23	12	58	2	15.81618482	1.624398048	8.876578067
1	22	11	67	2	34.26047663	-5.734412587	-1.101141942
1	22	11	79	2	17.85665904	-26.8169948	14.01329412
1	22	11	71	1	-13.20916971	-14.00066185	-16.07050042
1	24	13	65	1	-34.18975971	-75.35536459	-22.50332617
1	30	15	77	1	39.57209685	41.42902546	10.81210918
1	22	11	66	2	16.6414227	22.07936211	22.18652606
1	22	11	77	2	39.45905359	8.679400972	-4.372741087
1	26	13	73	1	-23.53938393	-0.07903482	10.62974594
1	22	11	67	2	65.1282756	3.020244908	-88.34306987
1	22	11	54	2	-12.30902721	-26.00047836	-4.826611383
1	22	11	57	1	32.76733661	4.799522016	0.774167303
1	25	14	78	2	-42.85418336	29.09577429	-7.656423763
1	22	11	73	1	-44.51099119	9.64249255	-31.55480977
1	33	18	74	1	27.52112501	-5.219673131	8.624960493
1	22	11	78	2	14.16676031	-36.72981539	6.387285569
1	24	13	63	2	-21.22771187	-8.321390216	18.61880672
1	30	15	73	2	-24.72242054	11.99428963	1.583670986
1	40	20	58	2	-13.09391088	-5.400355817	-4.552022396
1	22	11	70	2	25.82526349	13.57157976	11.50493924
1	22	11	47	1	14.97674776	12.47424979	8.862042569
1	25	14	73	2	-23.53938393	14.18121872	1.583670986
1	22	11	77	2	-47.25534221	9.258030976	-31.55480977
1	24	13	48	2	33.91135286	-29.6146466	-8.386646175
1	30	15	54	1	12.63766234	-9.380309189	18.07094259
1	24	13	65	2	-14.04878101	-37.82603496	-20.56139874
1	22	11	67	1	-42.73295813	-29.111311100000002	35.29974611
1	29	15	85	2	13.95292282	6.733503069	17.66040812
1	22	11	58	2	16.5309782	9.485386914	8.862042569
1	32	16	58	1	31.85996241	7.933975534	3.075446442
1	22	11	89	1	-48.80755758	0.024496675	-8.562782724
1	29	18	67	1	-52.59908264	8.010036622	-20.37042955
1	21	11	83	2	-12.44417638	-50.17631326	1.570277964
1	36	18	54	1	18.27194317	-6.147782247	25.90169033
1	22	11	58	1	29.66476189	1.494650568	5.045499129
1	22	11	88	2	-58.13322319	-52.69872904	24.3947916
1	22	11	58	2	27.18770201	19.15504666	5.65819112
1	22	11	77	1	-38.78942811	9.64249255	8.940348677
1	30	15	77	2	21.39968544	3.386503126	14.30425989
1	27	15	57	2	-11.25325093	-30.5962542	1.570277964
1	22	11	58	2	27.18770201	0.222540439	-2.365027186
1	22	11	62	1	-44.17907917	-0.249068699	-25.79155062
1	22	11	54	2	-18.66016565	-27.9293145	15.65044006
1	27	16	73	2	-44.25063563	16.83976448	-12.38843469
1	30	15	65	2	22.25101678	-3.107674158	9.08988356
1	25	14	70	1	17.03716912	5.286159433	18.70683825
1	22	11	79	1	-52.39344104	9.66412052	-20.438577
1	30	15	73	2	20.84842319	-2.228419121	14.89515179
1	30	15	55	1	21.58612406	7.400798821	-8.498440864
1	22	11	73	1	-52.83901787	4.259690926	-30.32462756
1	22	11	79	2	31.52326849	-26.12860677	-8.616344249
1	38	19	75	1	16.2816564	-7.113742598	12.14401733
1	22	11	73	1	45.98702655	-29.87042413	0.539255747
1	22	11	79	1	-45.67180252	-13.0959189	-32.28444409
1	24	12	83	1	23.71029219	6.006181105	14.66214016
1	22	11	58	2	23.8856425	-17.73683509	6.75347794
1	22	11	61	2	23.04786937	-17.73683509	3.040244682
1	32	16	73	1	-54.01693714	-3.845185387	5.261101524
1	22	11	57	2	25.78071858	13.57157976	14.59000958
1	23	12	71	1	39.83811398	13.79579189	-40.81173948
1	22	11	81	1	-9.785843942	-14.92872971	-27.24849407
1	22	11	68	2	22.84613939	33.53188828	17.89427917
1	22	11	78	1	-45.18776246	10.97559346	-7.337155101
1	21	11	65	1	-23.94824677	22.26883755	10.01179104
1	21	11	75	2	30.37267942	0.947563167	2.780679855
1	22	11	69	1	24.97208778	5.992418551	11.50493924
1	22	11	65	1	-41.58949985	5.35477276	-12.10358124
1	22	11	68	2	22.84613939	33.53188828	13.10943351
1	25	14	77	1	-42.85418336	-26.70394241	46.93326984
1	22	11	67	2	17.70969568	8.961513687	7.545813281
1	22	11	61	2	-33.7304785	0.003511393	-26.85571712
1	32	20	52	2	19.73381817	-15.15760555	12.75179949
1	24	13	60	2	21.15667617	-12.94725852	9.115461526
1	22	11	67	2	37.33458975	-5.305759781	2.085803224
1	32	16	74	2	-47.53968732	3.479159247	-23.32828176
1	22	11	70	1	30.75117881	8.22845099	2.780679855
1	28	15	79	2	-47.7638917	1.65872646	14.51138109
1	36	18	58	1	26.96852037	3.405593256	-8.045258087
1	22	11	52	2	13.78460634	-14.45862909	13.82518883
1	22	11	62	1	22.53427005	-3.334040368	8.077375926
1	31	16	50	2	40.57867321	29.70886823	6.701805749
1	33	20	78	1	21.39968544	13.5538566	10.82168519
1	22	11	76	1	-57.73716166	-52.69872904	-31.37346118
1	22	11	54	2	16.12997034	7.599714434	8.876578067
1	22	11	67	2	17.70969568	-6.42433471	15.64732832
1	22	11	72	2	20.73810748	3.011908928	14.30425989
1	22	11	54	2	34.99041779	36.27584124	10.81210918
1	24	13	68	2	23.26537042	-31.38765215	-4.150437899
1	20	10	74	2	-13.86759997	-0.360351501	8.782629202
1	22	11	86	2	31.47340635	37.12104459	10.87447433
1	24	13	56	1	21.93444389	-25.31349943	9.305056454
1	22	11	78	2	14.97752847	-4.876900065	19.20460014
1	22	11	76	2	-25.09951044	-52.04819127	-1.972086699
1	26	13	55	2	13.99271988	-26.89291212	13.885925780000001
1	22	11	56	1	26.95376054	-13.23452753	-4.150437899
1	27	16	68	2	48.36362832	2.632075552	-42.421814
1	32	18	74	2	-52.50792108	-3.680003918	-44.41221644
1	20	11	57	2	25.78071858	30.64551583	18.25575859
1	31	20	69	2	16.2816564	-6.458045463	13.97999221
1	22	11	71	1	10.06459147	-9.917801422	18.61591128
1	35	23	76	1	15.90705379	13.69216741	10.82168519
1	22	11	80	2	39.30083927	10.98385252	-4.372741087
1	22	11	83	1	-12.44417638	-0.531306939	-3.307752444
1	22	11	60	1	12.80453458	2.992031297	25.53878666
1	22	11	75	2	20.79361097	3.011908928	15.75992401
1	24	13	60	1	-56.50002649	-51.91716969	-19.89672062
1	22	11	66	1	26.78983549	33.61264832	13.49725756
1	22	11	77	2	39.45905359	6.949534457	-4.372741087
1	28	15	75	2	22.88879811	-90.40751602	6.413997209
1	27	16	56	1	15.17532001	-9.035924284	8.876578067
1	22	11	59	1	12.99945664	22.76261024	25.53878666
1	22	11	67	2	65.1282756	12.46171243	-33.38463813
1	22	11	67	2	-40.68109622	14.04729155	-14.65480009
1	30	17	83	1	26.68599605	-8.132363956	14.11504073
1	26	13	52	1	12.13746923	-14.05753343	17.73189909
1	34	23	51	2	-13.82513129	1.185026446	-6.581490056
1	22	11	61	2	23.04786937	1.537780926	16.69356759
1	22	11	82	2	17.18930557	4.060126147	15.24921999
1	22	11	21	2	33.91135286	-28.87386791	0.457439867
1	22	11	87	2	31.47340635	-26.12860677	-11.19940264
1	22	11	70	2	-47.58070836	9.999733391	-7.337155101
1	22	11	52	2	21.78241018	33.53188828	21.65350757
1	22	11	86	2	31.47340635	-5.479519383	-17.0808749
1	30	15	72	1	13.35761129	-8.837644639	18.03779404
1	22	11	73	1	16.40567937	2.049872505	20.93985147
1	25	14	60	1	-39.53559627	-10.30595764	-40.36577709
1	22	11	73	2	-46.18844746	9.290645442	-20.438577
1	30	18	69	1	15.3065402	7.64949543	11.90149081
1	22	11	55	1	9.808455329	26.65829752	28.42836572
1	22	11	80	1	39.30083927	10.98385252	-8.636410313
1	22	11	63	2	29.6782507	-13.27221071	-2.635178667
1	26	15	62	2	4.227460245	-98.50059459	1.707477831
1	22	11	56	1	35.16939397	-11.53588816	6.834484579
1	22	11	75	2	25.16150385	16.7870857	9.670258869
1	23	12	61	1	-39.59454543	-29.14949586	-30.83495449
1	22	11	81	1	-21.52474543	26.33324626	10.01179104
1	22	11	63	1	-34.14837548	-7.199627281	-22.50332617
1	34	17	69	1	22.43570134	34.89803624	20.73569352
1	20	10	66	2	-38.44802004	2.727069086	-19.77448461
1	28	15	79	2	-38.2507977	1.65872646	14.51138109
1	26	15	62	2	16.22427436	-8.144500857	11.9852783
1	22	11	83	2	-36.1035667	13.74446946	-17.23677707
1	22	11	63	2	31.98245499	1.180213244	6.568816976
1	36	18	80	2	-11.87036308	31.573823	-27.24849407
1	22	11	74	2	-18.46075522	-1.88107336	21.73917357
1	22	12	58	2	17.80997779	6.91096718	15.2929692
1	22	11	57	1	20.97406141	-12.01731134	9.075964452
1	22	11	73	2	50.56672793	5.005353072	-7.410232669
1	30	15	79	1	22.61572591	6.316762319	27.69350573
1	22	11	80	2	37.6752007	1.094185067	3.664435053
1	22	11	74	2	-18.46075522	-17.92511525	-6.723159955
1	22	11	66	2	-27.61945324	40.4262983	8.940348677
1	22	11	61	2	39.36383242	0.873562854	10.56061025
1	29	18	58	1	29.45956591	-6.472239532	4.998228827
1	24	13	79	1	-54.45079919	-3.06585122	-13.27874591
1	34	19	54	1	37.84729138	13.47336668	-9.024565454
1	24	13	65	1	-18.72973887	-8.321390216	4.387429572
1	22	11	61	2	39.36383242	14.11649097	-13.47906258
1	26	15	56	1	31.42096621	13.9108478	13.13121808
1	32	19	74	1	16.2816564	2.894613708	19.04378234
1	24	12	57	1	13.23818133	-8.837644639	12.98781782
1	22	11	68	2	-1.832422699	-98.50059459	-16.88442779
1	22	11	66	2	40.9913056	6.664786905	10.56061025
1	26	15	80	2	-38.2507977	8.17230631	-17.23677707
1	26	15	74	1	26.40719403	-3.494592389	12.84758105
1	24	12	57	1	15.68150066	-5.113496036	8.198544092
1	22	11	51	1	22.83559108	9.288350918	20.51818216
1	27	16	82	1	-41.71736359	1.507029095	-30.51541186
1	27	15	81	2	-47.7638917	29.09577429	-5.168277837
1	20	10	58	2	29.28898545	12.37598514	-0.892354843
1	26	15	76	1	-35.67403827	15.56751034	-14.65480009
1	21	11	77	2	-47.93227606	19.38703365	-7.215085336
1	22	11	70	1	24.97208778	-13.86693589	-4.774785022
1	22	11	59	2	15.76487428	15.97413898	19.846471910000002
1	22	11	57	2	76.2622348	41.15635091	-88.34306987
1	22	11	67	2	18.63017487	-2.549260646	9.729533059
1	36	18	72	1	27.52112501	4.260975069	10.61399908
1	22	11	84	2	22.95651696	8.17446504	10.87495116
1	30	15	73	2	32.28915391	-14.62688863	-0.890262191
1	22	11	61	2	28.87312439	0.222540439	9.936170485
1	22	11	54	2	-18.66016565	-2.300595693	0.271405731
1	22	11	55	2	23.14964881	-4.667277367	14.73523337
1	22	11	81	1	-41.21282335	17.86704789	-56.20241598
1	30	15	59	1	15.68150066	-27.13762512	-0.235491058
1	22	11	67	2	30.32975213	1.894775202	17.03519754
1	23	12	55	2	-33.72404573	-27.9293145	-0.028878813
1	27	16	53	1	32.71215264	36.72197892	18.20312044
1	26	15	76	2	-32.31075117	5.558579816	-12.10358124
1	30	19	58	2	34.90456379	-0.174807568	-0.890262191
1	35	23	70	1	-41.76205759	13.30700774	-31.92842023
1	22	11	62	1	-46.14647033	-16.23349786	35.29974611
1	24	13	80	2	46.04980784	4.212601926	19.03881424
1	23	12	60	1	-56.50002649	26.33852388	-20.55699951
1	26	13	82	1	29.02162072	-2.199269603	17.03519754
1	22	11	80	2	37.6752007	3.555474727	6.834484579
1	32	16	68	1	-52.50792108	3.804441435	-2.475718856
1	22	11	62	2	68.59756742	12.46171243	-88.34306987
1	22	11	51	2	32.77653293	34.44216598	-5.211010424
1	22	11	52	2	12.06776782	-14.53670862	8.433641344
1	21	11	60	1	-21.88659904	5.11615682	10.76038965
1	22	11	79	2	-27.27778323	13.13188032	4.016818186
1	38	19	68	2	18.67087555	-25.19916222	23.33569289
1	28	14	75	1	-52.42575342	15.56751034	-15.85991887
1	22	11	70	2	12.07374878	-108.8012767	1.314275657
1	29	18	73	2	-51.32369021	8.010036622	-16.65000056
1	21	11	66	2	40.14352118	13.79579189	10.56061025
1	23	12	42	2	30.96542448	30.074875	16.37453849
1	30	19	69	1	-51.92015525	13.30700774	-11.79842357
1	22	11	68	1	-52.67095276	-14.54673067	-17.48887882
1	22	11	63	2	-30.93217884	9.04285248	-41.581514
1	27	16	82	1	39.08434846	13.47336668	-6.895706849
1	22	11	54	2	-39.82676726	-32.47617225	24.86454269
1	24	13	55	2	22.32403045	8.17446504	-8.498440864
1	33	20	52	2	7.806051873	10.47927921	23.68485264
1	22	11	58	2	16.5309782	9.606974468	19.59619412
1	30	15	78	2	28.41727425	-3.875077906	-1.077285246
1	24	13	79	1	28.5500012	18.2207547	10.13568377
1	22	11	77	2	39.45905359	15.380367	8.802114036
1	22	11	68	1	16.04374599	2.495038648	21.4409324
1	26	13	65	1	-27.83378582	-30.95151972	-64.00742848
1	14	8	56	1	34.41504455	-41.42760187	-3.168633704
1	22	11	58	2	23.8856425	3.695288645	12.43896975
1	22	11	67	2	17.70969568	8.961513687	14.41406678
1	22	11	81	1	-21.52474543	17.96668247	2.827492107
1	30	15	62	2	-19.60081075	24.98701153	10.02912231
1	24	12	83	1	36.03678139	-23.72003972	-0.670699076
1	22	11	73	2	31.10645607	19.80468158	10.06823224
1	28	15	64	1	-23.47214799	11.21455103	7.146253363
1	18	9	67	1	-38.44802004	-6.737069882	-30.83495449
1	22	11	81	2	-27.53760308	13.74446946	-48.47501105
1	35	19	77	1	22.73133975	-5.219673131	18.53696923
1	32	16	63	2	28.98299381	-6.230445158	15.0978299
1	25	14	73	2	-17.18484128	1.510714439	9.956030713
1	26	15	80	1	-47.44816292	1.65872646	-12.478787670000001
1	32	16	37	2	10.05730529	10.47927921	23.79923283
1	22	11	73	2	-4.175097103	10.45560008	-26.7791248
1	22	11	55	2	23.14964881	-31.38765215	0.566835841
1	24	12	78	2	27.43661524	-1.775613644	7.358640403
1	26	14	58	1	13.23818133	-11.33847118	13.96056318
1	36	23	61	1	-23.55175968	-2.425636474	-8.282851825
1	27	16	68	2	22.11779371	1.549321182	13.93513654
1	31	20	75	2	30.38160232	-11.24890478	3.867787669
1	20	10	58	1	19.18324883	-29.15897216	13.70856327
1	28	15	79	2	-50.04958339	29.09577429	-16.65000056
1	22	11	38	2	30.96542448	6.339222046	-3.95336465
1	26	15	61	2	17.15966697	1.549321182	11.9852783
1	22	11	77	2	-47.84968741	-1.118195951	5.835035669
1	22	11	62	1	-23.22522478	0.003511393	10.62974594
1	26	15	61	2	28.98299381	11.36155264	5.099634861
1	24	13	73	2	43.391672	6.306780316	-18.74353198
1	22	11	50	2	31.57387861	-27.2124992	-7.517910427
1	16	11	62	2	31.43085388	37.12104459	7.387672442
1	25	14	65	2	25.76771949	13.57157976	8.685555236
1	22	11	75	1	55.72055775	5.005353072	-25.67956041
1	26	13	81	1	-37.4511306	-21.83340946	-26.79262253
1	23	12	59	2	32.98083905	-29.6146466	0.457439867
1	21	11	61	2	-50.31701227	4.987206511	-29.96476073
1	21	11	74	2	30.37267942	4.145807605	-2.170808704
1	29	18	69	1	35.57018852	-10.18794639	-4.580770407
1	28	14	64	1	-23.47214799	21.23173126	-0.042661242
1	22	11	68	2	43.01938884	22.68056107	-10.00666848
1	22	11	60	1	12.80453458	2.992031297	25.53878666
1	30	15	73	2	32.28915391	-17.92855493	-9.557118194
1	29	15	79	1	-51.46764877	-0.479144828	-44.41221644
1	26	13	73	1	38.68368971	3.555474727	-40.81173948
1	24	13	79	1	-37.4511306	5.59846103	-29.24472803
1	21	11	77	1	-44.5536572	12.57998731	-32.17907586
1	22	11	66	2	12.87165545	-108.8012767	0.999049662
1	24	13	61	1	-14.095074	-24.67043159	-20.56139874
1	22	11	73	1	26.04583025	-13.86693589	3.089953759
1	22	11	89	1	13.55174985	-4.000065123	14.80351408
1	28	17	54	1	37.84729138	29.70886823	-6.895706849
1	22	11	70	2	-17.58215775	-17.92511525	12.04213455
1	22	11	66	2	16.6414227	1.90398233	19.71958774
1	22	11	77	2	-47.84968741	-4.294251691	2.933343305
1	22	11	78	1	-4.857542971	25.25728211	7.583436359
1	15	7	56	1	31.95181889	-3.009937387	-1.752817461
1	32	16	71	2	-35.99305995	8.930695918	14.21120331
1	22	11	63	2	11.05140918	-13.93671405	15.33023347
1	27	16	83	1	22.83673454	-4.967255621	10.83628824
1	22	11	58	2	29.28898545	-0.539547716	5.045499129
1	22	11	62	2	-11.62869471	-26.00047836	-0.884410321
1	22	11	75	2	20.79361097	-26.8169948	14.01329412
1	22	11	70	2	-48.90747374	3.951073239	18.12652354
1	22	11	72	1	14.54061252	-1.30297189	17.80928848
1	24	13	68	1	-34.18975971	-17.90970478	-26.79262253
1	33	18	74	2	-17.88778437	1.510714439	-5.021659611
1	22	11	76	1	27.03240867	7.385790634	4.929153143
1	22	11	57	1	27.44059328	15.26520368	-0.892354843
1	28	15	64	1	44.73541405	30.53450802	-40.81173948
1	26	15	77	2	-46.72287997	-51.72817458	-4.073919128
1	22	11	72	2	22.92384447	33.53188828	17.89427917
1	22	11	77	1	-53.49921586	6.127781539	-30.32462756
1	22	11	81	2	-18.29958381	7.478152131	3.188529238
1	27	16	73	2	-51.32369021	8.010036622	7.084758333
1	22	11	72	2	22.92384447	23.48928958	10.87495116
1	22	11	80	2	-30.80039254	40.57045534	-56.20241598
1	21	11	68	2	40.14352118	14.11649097	6.701805749
1	26	15	62	2	-19.60081075	6.293431588	5.51082146
1	22	11	80	2	44.69196646	-29.87042413	8.802114036
1	26	15	57	2	13.79755129	2.592515733	17.92979277
1	26	15	80	2	-38.2507977	0.007982803	-39.19369127
1	22	11	57	1	20.97406141	-6.74209298	15.2929692
1	22	11	74	1	31.69215572	-37.92053728	-8.616344249
1	22	11	61	1	-49.55205155	15.96080874	-36.51673919
1	24	13	57	1	-22.49241629	-6.359833617	6.913738976
1	22	11	55	2	29.58979591	23.12732348	-5.390256194
1	32	16	59	1	-38.93478026	-35.51541038	24.51503545
1	22	11	56	2	-30.56597787	-27.9293145	5.410268748
1	34	17	81	2	22.15915384	-8.132363956	13.93513654
1	22	11	54	1	22.83559108	12.47424979	14.73523337
1	26	15	71	2	26.2308361	1.549321182	2.713242574
1	31	18	84	1	31.76284683	-4.967255621	0.417828225
1	22	11	74	2	-56.21198613	12.90309082	-28.29072486
1	22	11	68	2	-25.99685756	3.447233335	1.450276892
1	22	11	69	1	30.75117881	1.182805283	2.836780149
1	29	18	73	2	-44.25063563	13.67678046	-12.38843469
1	22	11	56	2	-23.56698486	4.533597208	22.16436796
1	36	18	72	1	-49.31139456	-28.16191273	22.28743222
1	26	13	58	2	16.5309782	34.90021292	23.42341363
1	30	15	77	1	32.87018021	-8.444266985	-9.557118194
1	22	11	68	2	-23.14481947	26.33324626	15.19389734
1	22	11	68	2	-1.832422699	-89.08671992	-23.08276757
1	22	11	51	2	13.78460634	-16.83940724	13.82518883
1	36	18	54	1	64.76544855	-34.53293298	-32.92022975
1	30	15	72	2	14.39047231	4.601049819	7.960491285
1	22	11	61	2	-53.79435435	-7.461186151	-9.632882989
1	21	11	75	2	35.94977346	-23.72003972	0.784654791
1	34	17	62	2	14.57408473	-2.228419121	15.61968048
1	22	11	63	1	19.58908747	-3.334040368	11.09367348
1	36	18	59	1	37.11768022	9.896547335	-5.94725016
1	26	15	64	1	-25.0065159	22.79320549	7.092267234
1	22	11	82	1	26.09061167	16.97672535	9.670258869
1	38	19	62	2	21.53166957	-24.4529036	9.305056454
1	23	12	58	1	15.17532001	5.286159433	14.90678666
1	26	13	52	2	42.5382623	17.21366657	-18.74353198
1	22	11	71	2	-47.09576425	-1.131069085	42.32623234
1	22	11	65	1	-16.52394141	-14.66476347	-1.972086699
1	22	11	80	2	31.12663062	-3.349687329	6.568816976
1	14	7	61	1	17.99729931	12.37598514	14.15972035
1	20	11	64	1	35.92875186	-0.799582029	3.664435053
1	22	11	69	2	17.65816459	13.30862475	19.69315104
1	29	18	67	2	-15.08391308	0.030341263	-1.951835893
1	22	11	59	1	12.99945664	18.7739757	25.53878666
1	22	11	74	2	-56.21198613	12.90309082	-11.38023725
1	19	11	62	1	19.07638514	-13.48574978	11.97757018
1	28	15	50	2	24.55513618	6.851973184	14.59000958
1	30	15	78	1	28.41727425	16.16711615	10.13568377
1	30	19	84	1	-47.64447872	-12.98932035	-19.57685229
1	22	11	68	2	-25.99685756	2.869202592	10.17550372
1	22	11	83	1	-20.3639447	0.78061292	6.44411138
1	30	15	68	2	22.5226144	-19.99003804	16.70250094
1	21	11	75	2	27.51513369	16.7870857	2.969930515
1	21	11	51	2	15.59416373	20.8411538	17.5625249
1	22	11	81	1	15.11021695	3.199764316	7.960491285
1	22	11	55	1	35.16939397	-11.53588816	-4.787267283
1	22	11	52	1	12.63766234	-28.10214459	13.27887719
1	40	20	63	2	-23.55175968	-2.425636474	8.934712541
1	32	21	54	1	64.76544855	26.10937213	-53.68783512
1	22	11	60	1	31.74897031	-2.579612464	6.848837045
1	20	10	58	2	16.5309782	-6.313132976	8.862042569
1	22	11	68	2	-1.832422699	2.170425062	-9.767456918
1	21	11	51	2	35.65135036	-7.815173278	2.085803224
1	22	11	77	1	-50.33306872	12.57998731	-23.73012535
1	32	16	79	2	23.61290486	3.386503126	13.62324626
1	30	15	57	1	15.17532001	-2.729840182	16.64614215
1	20	10	64	1	17.99729931	12.37598514	14.41406678
1	22	11	67	1	35.193054	11.8134775	-1.767506342
1	21	11	68	1	-42.60049136	15.34025361	11.96960893
1	31	20	73	2	12.99325307	-108.8012767	1.314275657
1	22	11	62	1	42.39808971	17.21366657	-7.08560707
1	27	16	56	2	32.26256066	8.245011685	-12.31579232
1	26	13	79	2	-37.4511306	22.658289	-17.23677707
1	37	19	62	2	21.53166957	-13.80348545	9.115461526
1	30	15	73	2	20.84842319	10.73099857	14.30425989
1	22	11	59	2	18.80017344	-2.226566757	8.233793776
1	22	11	80	1	40.6554964	-23.63053335	-15.57167649
1	31	17	65	1	-47.53968732	-7.436719775	-45.12925571
1	21	11	73	2	32.0067601	1.180213244	-4.478886004
1	22	11	67	1	-37.53098697	14.04729155	-29.24056804
1	22	11	79	1	30.73201453	-5.862768856	-2.170808704
1	29	18	72	2	-25.98487698	11.99428963	8.934712541
1	35	23	66	1	-44.25774525	6.275083387	-14.81973273
1	29	18	80	2	-53.94957302	-0.479144828	-19.57685229
1	22	11	21	2	35.6168427	-7.815173278	-2.804162573
1	33	18	57	1	26.96852037	1.554970578	-8.045258087
1	22	11	71	1	14.54061252	-0.684013815	16.5801493
1	36	18	73	2	-17.88778437	1.510714439	-5.021659611
1	22	11	80	2	-59.88898401	-52.69872904	26.07572013
1	30	15	68	2	22.25101678	-13.80348545	11.8671724
1	26	15	56	1	15.68150066	13.9108478	17.5625249
1	34	17	74	2	27.77608969	-4.260214821	15.0978299
1	22	11	73	1	16.40567937	3.199764316	15.24921999
1	29	18	73	1	-44.25063563	17.56158171	-12.38843469
1	24	13	60	1	-44.2951026	4.753371995	-20.55699951
1	28	17	80	2	-50.04958339	1.162779015	14.51138109
1	22	11	59	2	25.27391647	-3.967397818	6.741853531
1	22	11	61	1	33.4747958	-10.59894843	-11.21004426
1	24	13	61	2	-42.55314697	22.658289	-25.96486587
1	34	23	66	1	-44.25774525	6.275083387	-24.72971826
1	22	11	58	2	16.5309782	-24.43787932	9.305056454
1	32	16	59	2	-32.38465955	23.46162032	12.32934467
1	22	11	58	2	15.81618482	-6.500435891	19.59619412
1	30	15	68	1	22.25101678	2.894613708	13.93513654
1	22	11	63	2	16.03143592	-4.876900065	16.25348884
1	22	11	68	1	-49.58895911	6.082672373	-14.89922438
1	22	11	82	1	-58.58884077	-14.1758106	-31.37346118
1	32	16	48	2	10.05730529	10.47927921	27.04251062
1	36	18	60	2	11.72298508	10.47927921	27.04251062
1	32	16	57	1	31.85996241	-10.71993352	-9.557118194
1	32	20	62	1	16.66565795	-27.13762512	13.70856327
1	22	11	55	2	16.97393967	-0.054725392	25.7786893
1	26	15	54	2	35.27526889	12.48818712	10.403749790000001
1	25	14	80	1	-37.4511306	1.507029095	-26.79262253
1	24	13	61	2	21.15667617	13.30862475	8.409838545
1	30	15	68	2	15.3065402	10.94701431	11.90149081
1	30	15	65	2	15.3065402	-3.548135478	19.20460014
1	22	11	62	2	31.43085388	-5.479519383	2.731816837
1	22	11	66	2	-14.58777284	13.27766005	1.524286173
1	21	11	60	1	0.956630903	3.676325116	-3.36938217
1	30	15	54	1	20.66857517	10.65359502	25.90169033
1	20	10	64	1	-12.91353625	13.27766005	1.524286173
1	22	11	71	2	-13.0215414	-5.554509135	-8.8974302260000009
1	22	11	70	1	24.97208778	-13.86693589	2.627235974
1	26	15	62	2	28.98299381	-5.630725098	-1.077285246
1	22	11	61	2	42.11573508	2.365028472	-15.32944565
1	22	11	61	2	23.25436238	23.59218849	14.91347307
1	29	18	79	2	22.61572591	-42.67898862	12.65153191
1	22	11	55	2	12.03078671	-6.736570522	17.2533641
1	30	19	59	1	11.30775704	-8.837644639	13.22894772
1	34	19	74	1	-54.13676438	31.74008695	-18.75769279
1	32	16	64	1	-23.47214799	32.19729225	-6.683489007
1	22	11	63	2	21.69469077	27.44851157	27.78214795
1	32	20	77	1	38.59682385	17.84768	-31.15403778
1	26	13	73	2	-17.18484128	-0.07903482	13.41738948
1	24	13	78	2	19.22488951	-1.979428277	17.00411483
1	22	11	72	2	-47.44844793	-1.131069085	12.96473527
1	22	11	65	2	23.10483461	24.99739754	13.85346691
1	22	11	70	1	-25.38455296	3.292430371	10.17550372
1	22	11	54	1	35.37945709	15.71444681	-2.407378294
1	22	11	71	1	-25.32467111	-52.04819127	-8.922087607
1	28	18	60	2	27.11318913	-12.56418344	12.21147352
1	22	11	80	2	-59.88898401	3.439174321	24.3947916
1	27	18	63	2	27.11318913	11.40853013	5.099634861
1	25	14	77	1	-42.85418336	-51.72817458	18.04253138
1	26	15	61	2	-57.18572189	24.98701153	-29.96476073
1	34	23	78	2	-41.76205759	-2.925754955	5.261101524
1	33	20	54	1	40.76541523	-1.535279771	-12.57896236
1	22	11	61	2	-53.79435435	4.218010459	-20.55699951
1	22	11	79	2	29.00259869	-3.349687329	7.358640403
1	22	11	73	2	-46.18844746	5.983602737	-16.68802912
1	22	11	47	2	12.5168942	2.592515733	17.08433529
1	28	15	68	2	22.11779371	-90.40751602	0.999049662
1	22	11	61	1	25.55695041	-32.53815342	-2.764039351
1	30	19	83	1	15.32615158	-15.64454135	8.645209977
1	22	11	64	2	30.26418648	-22.4405377	-8.551163799
1	36	18	65	1	-49.31139456	-3.680003918	-45.12925571
1	22	11	60	1	0.956630903	7.386240768	-24.58635864
1	32	18	85	1	29.02162072	-12.22740737	3.779136505
1	31	20	75	2	-48.44068578	21.20190397	-16.65000056
1	22	11	79	2	-5.133219219	25.25728211	-3.354600911
1	22	11	63	2	-49.84583681	10.34893399	-7.337155101
1	34	19	68	1	-48.44068578	31.29301646	-26.01418192
1	22	11	73	1	45.98702655	5.888285127	-13.21224299
1	29	18	70	1	18.01077522	34.89803624	28.42836572
1	22	11	52	2	22.52451688	22.80503873	18.53696923
1	28	15	69	2	18.01077522	10.73099857	19.69315104
1	23	12	56	2	17.99816824	12.95159957	9.498548964
1	22	11	77	2	39.45905359	10.87102232	-1.829498943
1	22	11	61	1	19.99459309	-3.334040368	13.82959605
1	30	15	77	1	21.39968544	4.53747054	10.82387767
1	28	17	74	2	22.88879811	-90.40751602	-8.409896897
1	23	12	62	2	68.59756742	-4.39474543	-32.92022975
1	30	19	59	1	10.68451397	16.31775122	26.44967025
1	22	11	78	1	-38.89151049	6.939252722	-48.47501105
1	30	15	75	2	20.84842319	10.94701431	10.82387767
1	22	11	64	2	-6.583955177	-4.911930976	-16.88442779
1	22	11	61	2	-46.40063699	3.818472371	18.12652354
1	21	11	68	2	-29.44877199	3.447233335	4.755494575
1	24	13	55	2	16.05578298	-12.88463778	12.35938175
1	22	11	62	2	17.48595473	1.735767088	7.182392161
1	30	17	50	1	64.76544855	11.94810235	-43.67112774
1	27	18	65	1	-15.08391308	2.116464755	-6.581490056
1	25	14	73	2	-43.27283689	9.941183351	-28.29072486
1	30	19	69	1	36.33095747	9.896547335	-0.890262191
1	28	17	60	2	-27.97220158	-10.30595764	14.51138109
1	26	13	53	1	31.68769981	-3.487742437	6.244557878
1	22	11	64	1	-15.58214147	0.500603852	18.61880672
1	22	11	74	2	23.90670554	4.145807605	10.45770819
1	22	11	68	2	9.407234792	-10.0907374	18.61591128
1	22	11	64	2	49.55040356	26.10937213	-31.4238023
1	22	11	79	2	-41.09558191	8.468033737	-29.24472803
1	36	18	82	2	13.95292282	-9.804894801	16.40988445
1	19	11	62	1	29.38673131	-6.736927304	15.0978299
1	22	11	51	2	35.65135036	-8.692569637	2.085803224
1	21	11	68	2	19.63086799	22.07936211	19.846471910000002
1	22	11	57	2	35.20557943	-0.799582029	8.634831182
1	28	15	76	2	-36.90253501	-51.72817458	-6.225772786
1	26	13	78	1	-9.736816142	-0.07903482	-20.99202919
1	22	11	58	1	31.75185995	-24.09880659	-3.470883806
1	22	11	66	2	38.32833401	-34.48307393	10.56061025
1	22	11	58	2	-1.910607124	-89.08671992	-24.58635864
1	22	11	81	1	40.38601731	-0.119650344	-7.125051956
1	22	11	62	2	61.73244505	20.51807262	-28.81195234
1	28	18	54	1	64.76544855	31.88417089	-33.38463813
1	32	16	51	2	-25.16241615	1.185026446	-5.253787242
1	24	13	70	1	-34.18975971	-30.95151972	-30.83495449
1	27	16	65	1	22.77325149	-3.487742437	9.000485856
1	22	11	77	2	-48.80818399	-5.921382938	-11.38729236
1	22	11	81	2	-22.252781	7.432623662	4.016818186
1	22	11	73	2	31.10645607	28.61987085	18.25575859
1	26	15	76	2	-52.33490345	-8.856588957	-9.632882989
1	27	16	60	2	11.8128951	2.74470151	23.68485264
1	22	11	68	2	22.84613939	23.48928958	10.83628824
1	31	19	58	1	37.11768022	10.38543934	-13.32292905
1	22	11	74	1	22.91459628	5.992418551	10.83628824
1	26	13	73	2	32.68158531	34.44216598	10.87447433
1	30	15	65	1	-41.08245987	3.296421201	-30.36192431
1	22	11	61	2	22.19953053	22.80503873	9.085660646
1	36	18	74	2	22.59384284	-14.45422826	12.35938175
1	22	11	76	1	27.03240867	7.385790634	10.61399908
1	30	20	73	2	52.7804497	5.617357544	-17.8551794
1	22	11	38	2	21.09506522	-2.226566757	22.31970351
1	36	18	56	1	26.96852037	1.554970578	-8.045258087
1	35	18	53	2	17.73501856	10.94701431	13.58878716
1	22	11	51	2	20.92461555	-31.49270291	13.27887719
1	22	11	60	1	19.29702311	-3.282662764	8.409838545
1	21	11	78	2	27.34087294	-1.775613644	8.22840066
1	22	11	69	2	15.90204585	4.668404759	15.24921999
1	22	11	60	1	12.80453458	-13.85029674	13.22894772
1	27	16	66	1	23.40883742	-9.049102051	5.645492731
1	22	11	81	1	-41.21282335	17.86704789	-35.6318182
1	22	11	74	2	35.6257522	-7.815173278	-0.985485558
1	29	15	79	2	-44.03905473	34.66672798	-16.65000056
1	26	15	81	2	-47.44816292	-23.1540273	-4.073919128
1	27	16	83	2	13.95292282	-36.72981539	5.581658845
1	30	15	55	2	-67.81992695	-30.5962542	53.49732032
1	22	11	54	2	16.12997034	-16.27256574	9.115461526
1	22	11	65	2	-50.45785766	21.46928212	11.96960893
1	24	13	79	2	35.77793113	-7.815173278	-10.1226846
1	22	11	73	2	28.00513854	0.947563167	7.358640403
1	22	11	80	2	-30.80039254	-4.39520928	-31.59302777
1	22	11	85	1	30.04963636	-24.09880659	-2.635178667
1	22	11	61	1	-49.55205155	15.72410263	-20.55699951
1	22	11	61	1	-58.29851283	-16.23349786	-19.89672062
1	22	11	68	1	-52.67095276	-10.3022454	-8.562782724
1	21	11	75	1	12.79695055	2.992031297	18.02458716
1	22	11	77	2	37.21660694	6.156505338	-0.985485558
1	22	11	61	2	-13.1251727	2.226031904	9.786830926
1	36	18	65	1	27.52112501	-12.29162742	9.543044788
1	22	11	58	1	19.15596273	-13.48574978	1.285183043
1	22	11	51	2	18.59410104	-2.226566757	15.36232213
1	26	15	57	2	24.44311226	-37.31320732	2.900877283
1	22	11	58	2	29.28898545	6.339222046	-3.95336465
1	22	11	64	2	49.55040356	3.020244908	-12.09144076
1	26	15	73	1	-23.53938393	8.470040845	7.146253363
1	28	15	50	2	32.43258164	7.646098091	-12.31579232
1	38	19	62	2	-51.07195046	13.06087504	-11.79842357
1	22	11	54	2	24.79710748	-14.66739994	11.78592763
1	22	11	64	1	22.34111943	24.00274227	6.556300674
1	22	11	50	2	36.76624933	-16.25065442	0.784654791
1	32	16	71	1	12.40985618	-11.33847118	21.08607214
1	22	11	64	1	-25.11593509	40.80449156	-0.042661242
1	22	11	71	1	-49.53263346	6.891859527	-14.89922438
1	34	18	53	2	17.73501856	11.06786749	27.0880431
1	23	12	85	1	39.83811398	10.98385252	-12.57896236
1	22	11	57	2	26.86877808	13.57157976	4.998228827
1	22	11	63	1	17.80414498	-2.284929661	8.220544551
1	22	11	76	1	-36.58703298	9.64249255	-29.24056804
1	27	16	74	1	22.88879811	-0.885582789	16.69356759
1	36	19	62	1	-23.55175968	-12.49828101	22.25199869
1	22	11	75	2	25.16150385	16.7870857	3.757777409
1	22	11	77	1	-26.91366511	12.57998731	5.263170922
1	22	11	68	2	59.77118682	20.51807262	-28.81195234
1	22	11	86	1	-48.80755758	3.576987478	-2.475718856
1	22	11	59	1	12.99945664	8.377118515	25.53878666
1	26	15	59	2	18.80017344	-25.87696623	-0.235491058
1	22	11	61	2	23.04786937	-14.66739994	11.78592763
1	27	15	78	2	15.63229293	31.74137121	23.42341363
1	29	15	73	1	-25.98487698	9.643794551	8.467748767
1	24	13	48	2	-13.79385015	-37.82603496	-20.56139874
1	30	15	73	1	52.7804497	12.46171243	-7.410232669
1	30	15	72	2	-15.48327904	-7.20002733	9.956030713
1	26	15	68	2	-41.19059398	2.116464755	-4.073919128
1	24	13	75	2	26.40719403	19.80468158	14.11504073
1	34	17	68	1	23.52018945	-5.219673131	2.713242574
1	30	19	69	2	22.5226144	-13.80348545	13.04427014
1	21	11	51	2	13.44607298	2.592515733	25.53878666
1	20	10	58	1	13.2619686	2.992031297	20.02522259
1	29	17	74	1	16.58917063	-7.113742598	15.116382
1	26	15	57	1	13.23818133	-8.837644639	17.2533641
1	22	11	63	2	16.03143592	-9.320920212	19.20460014
1	26	15	71	1	-17.18484128	10.04361384	8.829177277
1	28	17	61	2	-27.97220158	32.19729225	-25.96486587
1	22	11	61	2	-46.40063699	-7.461186151	-26.85571712
1	28	17	82	1	22.05978982	-15.64454135	3.575035873
1	22	11	50	2	5.057036147	-98.50059459	5.581658845
1	26	15	59	1	-22.49241629	-8.064564571	6.913738976
1	26	15	55	1	31.42096621	-9.049102051	13.13121808
1	28	17	80	1	-47.7638917	5.279869241	-5.168277837
1	22	11	77	1	34.82399067	2.802668179	1.239253164
1	40	20	81	2	7.153171739	9.440224424	24.34167319
1	21	11	73	2	27.51513369	28.61987085	16.37453849
1	22	11	63	2	14.67863333	1.624398048	18.38824813
1	32	16	71	1	-13.75848283	1.510714439	-9.859737741
1	29	18	71	1	18.01077522	36.44398903	27.78214795
1	40	20	62	2	16.66565795	10.73099857	16.13850216
1	22	11	66	2	16.6414227	1.90398233	20.04438547
1	24	13	61	2	-42.55314697	-21.83340946	-21.12644493
1	21	11	65	2	19.63086799	1.735767088	8.745655973
1	34	23	66	2	-41.76205759	31.74008695	-14.45776407
1	29	18	80	2	-19.86665844	-2.725815144	10.52815354
1	34	17	69	2	22.43570134	-13.80348545	8.657463104
1	22	11	62	1	-34.14837548	0.435864595	-32.77948177
1	22	11	87	1	31.47340635	-5.862768856	2.731816837
1	22	11	77	2	39.45905359	14.11649097	19.03881424
1	32	16	50	2	32.43258164	-8.34873097	-5.94725016
1	22	11	67	1	26.78983549	-33.36963801	14.95838911
1	22	11	74	1	25.07081082	-24.1049572	-8.409896897
1	22	11	68	1	-0.508495994	3.676325116	-23.08276757
1	22	11	87	1	-52.20424922	-3.408061807	-18.93742947
1	22	11	85	2	22.1966812	23.48928958	14.47589689
1	25	13	68	1	17.03716912	6.006181105	15.24921999
1	22	11	79	2	-43.87427388	0.024496675	-31.59302777
1	30	15	68	2	-49.25739513	13.67678046	-26.01418192
1	24	13	63	2	21.15667617	13.30862475	13.31796845
1	30	15	55	1	24.05143359	-12.29162742	6.741853531
1	24	13	76	2	27.43661524	16.7870857	4.786634341
1	26	15	77	1	-46.72287997	15.56751034	-1.9823497
1	22	11	65	1	-20.66706012	21.38016998	18.48558437
1	22	11	79	1	8.432838401	26.65829752	21.34092472
1	22	11	59	2	25.27391647	1.833950202	25.71721994
1	35	17	84	2	13.95292282	8.95073486	17.92979277
1	22	11	70	1	-51.16070712	14.24710746	-7.215085336
1	22	11	70	2	-47.58070836	0.616187306	15.7995994
1	28	14	68	1	-54.23734644	-7.436719775	17.78992471
1	21	11	72	2	30.37267942	30.074875	21.74212407
1	26	15	76	1	-46.72287997	5.558579816	-20.0797445
1	22	11	55	2	25.30201911	-29.64790783	0.566835841
1	22	11	82	2	21.28952304	9.420973022	10.51096534
1	22	11	60	1	-16.85189436	-1.570054383	5.51082146
1	22	11	74	1	55.72055775	26.10937213	-12.09144076
1	21	11	56	2	36.44995984	-34.48307393	-7.486647359
1	31	20	81	1	22.15915384	-90.88752059	-4.403203802
1	30	15	59	1	15.04277208	7.400798821	19.44319209
1	28	14	66	1	-52.59908264	-17.08609262	-38.09422746
1	21	11	65	2	19.63086799	2.900071944	21.65393487
1	22	11	79	2	-41.09558191	-13.70665951	-4.180767083
1	21	11	63	2	21.69469077	27.44851157	23.645937
1	22	11	50	2	36.76624933	-14.70643933	1.239253164
1	22	11	61	1	-48.3643827	15.72410263	-13.3466105
1	30	19	37	1	21.09506522	7.400798821	27.0880431
1	36	19	77	1	22.73133975	7.64949543	18.47034551
1	30	19	59	1	11.30775704	-3.348941675	12.98781782
1	30	15	59	1	15.68150066	-27.13762512	10.73466199
1	22	11	85	1	-52.79366788	-10.3022454	-18.34375257
1	31	20	75	2	-51.66981624	6.275083387	7.084758333
1	21	11	51	1	19.18324883	9.288350918	14.90678666
1	22	11	74	1	26.04314726	10.72279146	15.60226864
1	22	11	71	2	-47.09576425	-3.436216664	12.96473527
1	28	15	67	2	22.77325149	-90.40751602	-4.403203802
1	22	11	57	2	24.44311226	-14.66739994	4.33053811
1	24	13	75	2	34.16401995	-21.16420722	-3.470883806
1	22	11	67	2	37.33458975	6.156505338	2.085803224
1	22	11	56	2	31.31641425	37.12104459	14.98181049
1	24	13	61	1	13.07921951	-3.348941675	16.79683916
1	22	11	68	1	-15.36578109	32.81404199	20.5715227
1	22	11	79	2	29.00259869	-9.336167719	17.03519754
1	25	14	80	1	35.77793113	-3.921293842	6.46903716
1	22	11	79	2	31.52326849	-26.12860677	0.784654791
1	22	11	46	2	10.05730529	-8.039299149	31.62706433
1	28	14	81	1	-27.10865975	5.313475249	10.85295504
1	22	11	82	1	27.89498994	-24.2905487	-4.774785022
1	22	11	53	2	36.19539924	-23.72003972	1.696198929
1	22	11	62	2	-11.62869471	6.959035032	-0.884410321
1	21	11	51	1	28.41131256	20.54524124	9.61470981
1	30	15	65	2	-49.25739513	-3.641906232	-43.05746531
1	22	11	65	2	26.91294903	31.31790905	17.66072369
1	27	16	83	2	13.95292282	-6.003858579	22.51259963
1	32	16	71	2	-54.01693714	-28.16191273	5.261101524
1	26	13	52	2	18.49409108	5.074539398	15.04273152
1	22	11	77	1	-50.33306872	26.95992395	-13.5009049
1	23	12	71	1	-52.33345401	9.66412052	-10.63988026
1	22	11	38	1	21.09506522	12.47424979	8.198544092
1	22	11	61	2	-45.73463538	26.33852388	-20.55699951
1	21	11	59	2	15.76487428	27.45874143	27.8625625
1	22	11	71	1	-23.78460094	4.702415014	10.76038965
1	22	11	65	1	-41.58949985	5.35477276	2.788300517
1	22	11	66	1	6.472527208	3.676325116	-22.47686121
1	32	16	70	1	-31.51864057	13.96102702	10.61114889
1	24	13	65	2	23.26537042	7.236253705	13.9762024
1	30	15	55	2	-25.16241615	-30.5962542	-11.93498006
1	22	11	77	1	-47.65749726	21.74407965	-1.9823497
1	22	11	68	2	-25.99685756	2.869202592	22.16436796
1	22	11	72	2	-47.44844793	-1.131069085	21.30619054
1	22	11	61	1	-58.29851283	4.218010459	-25.96486587
1	22	11	65	1	26.58995511	-33.36963801	1.587105208
1	30	19	62	2	21.53166957	-6.243230676	-8.498440864
1	22	11	77	2	-47.84968741	-4.845969979	-31.59302777
1	24	13	79	2	-27.10865975	-14.75389993	3.86791788
1	24	12	70	1	-27.83378582	2.869202592	-26.79262253
1	29	18	80	1	16.4094722	6.316762319	17.91300205
1	22	11	79	2	-10.2583622	1.153848934	-20.99202919
1	22	11	59	2	15.63382115	4.104751046	12.18957298
1	23	12	68	2	37.69186844	-18.05874494	-13.47906258
1	22	11	57	1	-18.11686096	22.54834912	8.359997552
1	28	15	64	1	9.046826626	-6.829244691	22.51259963
